1 0.680063 0.168306 0.051641 0.069958
3 0.665773 0.454083 0.103422 0.339917
3 0.471484 0.432653 0.106359 0.376417
3 0.251969 0.471931 0.079391 0.186722
3 0.374391 0.466583 0.054148 0.226014
3 0.134313 0.288861 0.027594 0.067417
1 0.484539 0.116000 0.066211 0.059694
1 0.384531 0.278597 0.034063 0.034250
1 0.252094 0.302250 0.040570 0.050958
1 0.136398 0.225625 0.015711 0.017750
4 0.661164 0.573764 0.172938 0.852486
4 0.466414 0.548153 0.175273 0.903708
4 0.371836 0.535889 0.092422 0.551681
4 0.252312 0.567583 0.113273 0.576903
4 0.134469 0.285958 0.050023 0.134972
