3 0.825586 0.494181 0.071273 0.192250
3 0.680742 0.499514 0.068789 0.175639
3 0.605039 0.472111 0.059594 0.162986
3 0.455320 0.497903 0.072445 0.164986
3 0.338281 0.557014 0.071211 0.161778
1 0.821406 0.318042 0.035023 0.040736
1 0.681648 0.332167 0.030172 0.034292
1 0.605039 0.338611 0.031719 0.027361
1 0.462148 0.323000 0.049859 0.060569
1 0.336609 0.392417 0.045562 0.040750
4 0.821953 0.575208 0.119781 0.555083
4 0.684500 0.579514 0.118133 0.524667
4 0.599117 0.551625 0.088180 0.451528
4 0.460266 0.617319 0.128352 0.647375
4 0.334313 0.663431 0.137148 0.580958
3 0.176305 0.447917 0.084312 0.180764
1 0.173406 0.287375 0.047258 0.038236
4 0.175859 0.561264 0.136984 0.586014
