1 0.297055 0.207000 0.035633 0.056069
3 0.292594 0.389389 0.069562 0.212097
4 0.296164 0.503319 0.123125 0.644736
3 0.796961 0.463042 0.053383 0.123625
1 0.788891 0.347403 0.021539 0.021000
4 0.800984 0.523833 0.076180 0.373847
3 0.664062 0.491458 0.034852 0.106903
1 0.667727 0.395222 0.021109 0.026792
4 0.660398 0.553458 0.064648 0.339681
3 0.498906 0.534944 0.025180 0.083125
1 0.498352 0.459875 0.015492 0.016931
4 0.498352 0.577417 0.042477 0.252014
3 0.602266 0.482125 0.012266 0.010944
1 0.601070 0.540486 0.022055 0.055764
4 0.607039 0.581194 0.043258 0.209958
1 0.575328 0.484264 0.012844 0.015208
3 0.574133 0.548056 0.021875 0.073778
4 0.571328 0.580292 0.040344 0.207264
1 0.424609 0.462528 0.014867 0.013667
3 0.425961 0.539708 0.025984 0.087403
4 0.423594 0.578347 0.043844 0.245042
