3 0.380422 0.751972 0.142078 0.325250
3 0.544578 0.770806 0.117281 0.417792
3 0.688539 0.713653 0.157883 0.509861
3 0.271836 0.429472 0.096797 0.290694
3 0.437555 0.427681 0.086719 0.259347
1 0.277195 0.188347 0.053938 0.058444
1 0.373836 0.410403 0.073117 0.062083
1 0.537328 0.384611 0.058586 0.066042
1 0.649703 0.279236 0.098070 0.073556
1 0.395148 0.142111 0.046555 0.049306
1 0.427289 0.218319 0.048336 0.058861
4 0.679609 0.618250 0.193594 0.763486
4 0.562656 0.679764 0.147187 0.640472
4 0.372156 0.692653 0.228242 0.614681
4 0.259109 0.544611 0.120453 0.759056
4 0.431867 0.398528 0.099891 0.403403
