3 0.609750 0.589300 0.122000 0.209715
3 0.817081 0.459611 0.102281 0.209637
3 0.811669 0.220406 0.048156 0.100372
3 0.638125 0.298116 0.045200 0.105298
3 0.545150 0.251469 0.041662 0.096785
3 0.495069 0.215022 0.038650 0.083111
3 0.364231 0.242757 0.039944 0.078600
3 0.310344 0.258315 0.048619 0.116024
3 0.199338 0.300078 0.058131 0.109127
1 0.192050 0.196534 0.030494 0.019473
1 0.312256 0.172195 0.027088 0.035929
1 0.364056 0.163457 0.025781 0.021737
1 0.487156 0.141106 0.023400 0.021556
1 0.536362 0.154140 0.031206 0.031132
1 0.636894 0.196154 0.033769 0.026949
1 0.785169 0.285091 0.055519 0.051513
1 0.800344 0.111547 0.035194 0.033328
1 0.554094 0.402411 0.066231 0.054572
4 0.199631 0.356785 0.075987 0.338271
4 0.308725 0.307615 0.063256 0.304503
4 0.374556 0.292714 0.079981 0.278297
4 0.496950 0.260942 0.059606 0.261409
4 0.547469 0.292541 0.063356 0.310242
4 0.548763 0.635869 0.261044 0.526889
4 0.767487 0.445134 0.192100 0.365618
4 0.647606 0.339594 0.099281 0.313872
4 0.820669 0.219931 0.096412 0.250043
