4 0.053953 0.498719 0.107891 0.571359
4 0.455047 0.468813 0.171656 0.592781
4 0.724656 0.500547 0.142141 0.650016
4 0.942422 0.502875 0.115172 0.623406
4 0.068062 0.818344 0.128969 0.266828
3 0.054750 0.396469 0.089828 0.166844
3 0.448547 0.380453 0.102422 0.209828
3 0.725812 0.380453 0.106953 0.209828
3 0.936969 0.389031 0.079250 0.170734
1 0.060156 0.234531 0.052516 0.052469
1 0.449516 0.198328 0.073109 0.047375
1 0.730281 0.201828 0.059641 0.047422
1 0.939219 0.237422 0.078734 0.063750
1 0.025234 0.728047 0.050453 0.101250
