4 0.847641 0.425437 0.131844 0.668547
3 0.847422 0.311188 0.093922 0.183781
1 0.825812 0.154422 0.093047 0.117234
4 0.281609 0.361203 0.162281 0.577562
3 0.287641 0.253625 0.095609 0.135109
1 0.292625 0.128562 0.067375 0.087234
4 0.416547 0.675125 0.221469 0.151719
1 0.492828 0.699406 0.071938 0.078750
4 0.407266 0.343812 0.133453 0.506453
3 0.402453 0.293750 0.082172 0.173719
1 0.406359 0.133781 0.062187 0.073313
4 0.520109 0.399828 0.105672 0.555984
3 0.512063 0.296687 0.079156 0.158734
1 0.509547 0.153031 0.056766 0.066078
4 0.613422 0.383031 0.104797 0.623094
3 0.613297 0.262453 0.083719 0.163172
1 0.615062 0.112813 0.069000 0.077078
4 0.698578 0.392422 0.104984 0.673109
1 0.683594 0.102750 0.075141 0.082672
3 0.689766 0.248594 0.076938 0.152969
3 0.442328 0.661094 0.095016 0.077609
