4 0.482562 0.610500 0.089203 0.413656
3 0.480203 0.560781 0.072000 0.145469
4 0.586219 0.256875 0.134016 0.281422
3 0.609063 0.203500 0.060937 0.080906
1 0.609625 0.143344 0.043344 0.045672
4 0.166813 0.667156 0.145219 0.558219
3 0.158984 0.563562 0.117047 0.194781
1 0.160719 0.428750 0.064250 0.062328
4 0.324578 0.686672 0.098250 0.497250
3 0.323594 0.581891 0.083781 0.125203
1 0.330234 0.475516 0.059547 0.062562
4 0.406891 0.641062 0.081609 0.462281
1 0.389031 0.441484 0.041609 0.049375
3 0.394937 0.550000 0.045219 0.117656
