1 0.196672 0.609667 0.045469 0.051472
1 0.291211 0.547375 0.027875 0.026458
1 0.537320 0.456306 0.016922 0.024611
1 0.879070 0.595167 0.031117 0.037931
1 0.780375 0.546861 0.030750 0.021986
3 0.903352 0.732889 0.111563 0.201764
3 0.765836 0.633944 0.052867 0.115486
3 0.529094 0.515778 0.026539 0.080028
3 0.290109 0.639625 0.047883 0.089056
3 0.194203 0.726319 0.072406 0.150847
4 0.165953 0.750500 0.155945 0.326250
4 0.288070 0.615181 0.051531 0.160347
4 0.527664 0.570972 0.045891 0.248778
4 0.902297 0.703125 0.112344 0.259000
4 0.774922 0.618347 0.072000 0.171847
