1 0.424297 0.462111 0.030312 0.031083
3 0.435313 0.593069 0.058969 0.156806
4 0.432211 0.665569 0.087641 0.445444
1 0.288750 0.558292 0.026312 0.022444
3 0.289305 0.657569 0.052398 0.111806
4 0.281625 0.627375 0.065477 0.170181
1 0.177375 0.642528 0.043180 0.069069
3 0.182281 0.767167 0.085680 0.181889
4 0.167141 0.754792 0.119367 0.293611
1 0.760453 0.546014 0.026094 0.026333
3 0.747281 0.636542 0.058008 0.123333
4 0.771852 0.662458 0.116195 0.256736
1 0.881891 0.598083 0.038359 0.075611
3 0.919359 0.742486 0.110602 0.203236
4 0.925742 0.761097 0.148508 0.401639
