3 0.525609 0.634861 0.055234 0.149875
1 0.529961 0.525389 0.030461 0.042042
3 0.335000 0.731861 0.040094 0.133556
1 0.333773 0.613250 0.035406 0.031278
3 0.200188 0.789778 0.074039 0.154153
3 0.759969 0.681278 0.050734 0.123667
3 0.926469 0.818931 0.089094 0.200542
1 0.189031 0.663431 0.049938 0.048306
1 0.072188 0.771931 0.090797 0.085139
1 0.769062 0.589792 0.028695 0.030222
1 0.905914 0.676194 0.043266 0.065000
4 0.936641 0.821403 0.126719 0.357181
4 0.786633 0.723972 0.092336 0.294083
4 0.519070 0.706389 0.082297 0.405347
4 0.308234 0.709514 0.105391 0.232250
4 0.189641 0.823236 0.107055 0.353528
