2 0.794562 0.633611 0.164133 0.525569
0 0.732984 0.270042 0.106070 0.145653
4 0.775555 0.595139 0.193820 0.809722
0 0.631820 0.270278 0.073016 0.104458
2 0.629344 0.543833 0.127961 0.346000
4 0.638195 0.602083 0.145664 0.795833
2 0.475711 0.471625 0.112367 0.368236
0 0.469469 0.189972 0.079031 0.087347
2 0.390172 0.562347 0.110555 0.401542
0 0.396031 0.248069 0.088422 0.097056
4 0.487039 0.567167 0.106375 0.851000
4 0.393953 0.593986 0.105086 0.812042
2 0.280289 0.472528 0.153281 0.444167
0 0.331062 0.136972 0.101711 0.152639
4 0.288750 0.523375 0.175930 0.953236
