2 0.813961 0.682681 0.189906 0.586653
0 0.729859 0.305222 0.120656 0.178972
4 0.775945 0.604403 0.249281 0.791208
0 0.654867 0.282319 0.064422 0.110000
2 0.660594 0.573681 0.127961 0.382556
4 0.653953 0.609028 0.164156 0.781944
2 0.487172 0.492681 0.124859 0.359431
0 0.487695 0.196458 0.084242 0.100306
4 0.494852 0.571986 0.132414 0.856014
2 0.376242 0.586875 0.121758 0.441333
0 0.411133 0.266111 0.097789 0.142417
4 0.390039 0.596292 0.133734 0.807403
2 0.259711 0.480861 0.167344 0.516361
0 0.315828 0.138125 0.125930 0.187347
4 0.261797 0.517597 0.223586 0.964819
