2 0.335359 0.524375 0.159781 0.510792
0 0.405930 0.161958 0.108211 0.184111
4 0.343430 0.532639 0.212375 0.934722
2 0.482227 0.610944 0.134758 0.433917
0 0.497461 0.277222 0.095953 0.127597
4 0.483391 0.603236 0.130328 0.793514
0 0.585734 0.216125 0.079797 0.097986
0 0.587422 0.515597 0.130570 0.372847
4 0.586773 0.583569 0.133961 0.832875
2 0.715273 0.615111 0.101906 0.395958
0 0.715281 0.293889 0.049828 0.105375
4 0.710594 0.610653 0.136281 0.778708
2 0.854453 0.703931 0.190156 0.592125
0 0.776078 0.321653 0.130289 0.209056
4 0.830758 0.602083 0.241719 0.795833
