2 0.293172 0.499153 0.169164 0.502000
0 0.369344 0.158722 0.110563 0.186889
4 0.310617 0.529167 0.219672 0.941667
0 0.470375 0.264028 0.093875 0.124361
2 0.449547 0.606778 0.139711 0.434847
4 0.452273 0.597458 0.148820 0.805097
2 0.575445 0.503792 0.119117 0.363139
0 0.577398 0.204097 0.083961 0.092444
4 0.569977 0.577778 0.144641 0.844444
2 0.717359 0.595667 0.116492 0.412639
4 0.699656 0.617125 0.141492 0.765736
2 0.846516 0.696986 0.187297 0.606014
0 0.765273 0.300819 0.133148 0.202583
4 0.814742 0.598611 0.286250 0.802778
