2 0.276250 0.494750 0.171766 0.507097
0 0.332367 0.135569 0.119938 0.177639
4 0.275859 0.526847 0.210047 0.946292
0 0.450719 0.263111 0.093617 0.122514
0 0.492250 0.186500 0.075125 0.094292
0 0.678172 0.263569 0.061555 0.114181
0 0.745484 0.296194 0.120648 0.193319
2 0.422727 0.581778 0.135023 0.421903
4 0.422852 0.597458 0.144141 0.805097
2 0.491203 0.487125 0.109500 0.352958
4 0.502141 0.575458 0.110539 0.849069
2 0.684031 0.578083 0.127953 0.382097
4 0.669969 0.610181 0.131078 0.779625
2 0.820086 0.691208 0.170375 0.617597
4 0.784406 0.598611 0.277133 0.802778
