2 0.256430 0.392167 0.132953 0.343069
0 0.288687 0.147278 0.079156 0.131069
4 0.249070 0.538889 0.131617 0.922222
0 0.372945 0.240944 0.071328 0.096167
2 0.354977 0.477889 0.105484 0.292292
4 0.353750 0.594611 0.104367 0.795583
0 0.472492 0.227444 0.056141 0.069181
2 0.462664 0.424903 0.090063 0.245847
4 0.459766 0.562069 0.115508 0.746361
0 0.599820 0.656486 0.049641 0.125653
2 0.577391 0.614806 0.105227 0.145486
4 0.577273 0.727736 0.116164 0.383264
2 0.746570 0.511042 0.122156 0.314931
0 0.681289 0.324097 0.065258 0.123583
4 0.719781 0.630153 0.175727 0.739681
