2 0.780375 0.613486 0.159187 0.499194
0 0.720352 0.273056 0.104250 0.128528
2 0.620883 0.537583 0.124055 0.328875
0 0.618281 0.280931 0.066773 0.097972
2 0.473633 0.462361 0.108195 0.331208
0 0.463734 0.195292 0.067578 0.084111
2 0.295648 0.457500 0.155883 0.418694
0 0.337445 0.152250 0.101453 0.136889
2 0.402023 0.559806 0.095188 0.373306
0 0.400984 0.255236 0.072273 0.097514
4 0.769828 0.600931 0.203195 0.798153
4 0.628172 0.613653 0.149055 0.772681
4 0.471023 0.575458 0.123820 0.849069
4 0.388742 0.602083 0.105086 0.795833
4 0.294477 0.541903 0.176969 0.916208
