2 0.367125 0.520444 0.171234 0.489042
0 0.436656 0.180014 0.117578 0.173917
4 0.378063 0.547681 0.213937 0.904625
2 0.488602 0.618819 0.130328 0.407069
0 0.500578 0.277694 0.102203 0.119264
4 0.493938 0.606708 0.127984 0.786569
2 0.590805 0.499167 0.113391 0.353875
0 0.591984 0.210333 0.081875 0.091056
4 0.592242 0.580097 0.129273 0.839819
2 0.713977 0.602153 0.125344 0.407083
0 0.710719 0.290194 0.056867 0.101667
4 0.699914 0.615972 0.130555 0.768056
2 0.862523 0.700458 0.219844 0.599069
0 0.777906 0.329986 0.132883 0.214597
4 0.826203 0.611347 0.309156 0.777319
