0 0.315828 0.137889 0.105102 0.173000
4 0.273023 0.524139 0.188953 0.942583
2 0.793656 0.639861 0.170117 0.561208
0 0.726867 0.286708 0.122477 0.178972
4 0.773734 0.597458 0.216211 0.805083
2 0.638195 0.554944 0.135250 0.349694
0 0.632734 0.275833 0.077445 0.097042
4 0.637289 0.615972 0.162070 0.768056
2 0.474930 0.476472 0.126430 0.373333
0 0.467125 0.186500 0.079555 0.094292
2 0.391344 0.569750 0.110297 0.397833
0 0.392125 0.255236 0.085820 0.116028
4 0.479359 0.567361 0.119656 0.865278
4 0.381453 0.600222 0.121758 0.799542
