2 0.279469 0.419302 0.130181 0.347979
0 0.277125 0.131146 0.084875 0.115427
0 0.426019 0.121500 0.054538 0.059677
0 0.642250 0.214500 0.049506 0.052958
0 0.779737 0.216583 0.061981 0.057125
0 0.853481 0.208510 0.046969 0.056604
2 0.430237 0.279125 0.078600 0.203052
2 0.853169 0.380990 0.065094 0.245312
3 0.778956 0.398187 0.076044 0.248448
3 0.644906 0.411208 0.101687 0.222406
4 0.293056 0.491281 0.172987 0.846094
4 0.429613 0.311490 0.127344 0.559437
4 0.637406 0.464937 0.124187 0.652792
4 0.765206 0.473271 0.111037 0.669469
4 0.845200 0.435229 0.101025 0.603802
