3 0.375705 0.474343 0.116359 0.366771
3 0.539154 0.393371 0.114192 0.376229
3 0.870205 0.530086 0.137423 0.525914
3 0.262141 0.442171 0.100782 0.354829
3 0.137705 0.301171 0.068897 0.181429
1 0.132487 0.137971 0.027244 0.033400
4 0.136897 0.375200 0.099833 0.507857
0 0.266205 0.132057 0.057205 0.091171
1 0.364846 0.154457 0.056372 0.075457
0 0.537026 0.065686 0.072359 0.100514
4 0.540551 0.506943 0.182526 0.986086
4 0.375833 0.555343 0.129910 0.889314
4 0.258333 0.539457 0.128308 0.921086
0 0.310974 0.749143 0.054487 0.152000
4 0.870205 0.502514 0.220051 0.994943
