3 0.869500 0.796696 0.146375 0.365893
3 0.532175 0.802768 0.113800 0.237098
3 0.196000 0.774777 0.154650 0.120045
3 0.353900 0.446696 0.123050 0.366161
3 0.637025 0.494152 0.110375 0.282500
0 0.852675 0.520000 0.081125 0.099196
0 0.584275 0.588170 0.070650 0.132143
0 0.205625 0.617545 0.087025 0.129821
0 0.358625 0.112902 0.111450 0.112098
0 0.590850 0.258170 0.068000 0.073661
4 0.849100 0.732857 0.197700 0.534286
4 0.559650 0.760045 0.260900 0.461786
4 0.587150 0.607054 0.334300 0.771473
4 0.359275 0.452902 0.141725 0.801429
4 0.194950 0.697232 0.152550 0.275134
