3 0.155400 0.360244 0.088078 0.319511
1 0.135278 0.116422 0.055244 0.063978
4 0.113056 0.501711 0.174733 0.862178
3 0.577433 0.467156 0.058722 0.216156
3 0.662967 0.469178 0.056000 0.193956
3 0.829367 0.508467 0.074433 0.136333
3 0.950267 0.358822 0.028922 0.083289
3 0.708822 0.413333 0.040311 0.150422
3 0.560244 0.156644 0.027878 0.075711
3 0.875789 0.187533 0.023044 0.100400
3 0.828333 0.203644 0.019333 0.067467
0 0.601911 0.308467 0.048689 0.075667
0 0.674200 0.325667 0.040178 0.068489
0 0.774456 0.418311 0.034678 0.064778
0 0.939256 0.286511 0.018956 0.030844
0 0.883211 0.105600 0.019044 0.023578
0 0.830256 0.138489 0.015867 0.021867
0 0.559222 0.096289 0.013933 0.021711
4 0.557600 0.162667 0.060800 0.192756
4 0.829744 0.244756 0.027722 0.231778
4 0.877344 0.229244 0.027711 0.278311
4 0.946311 0.417533 0.044211 0.311600
4 0.814867 0.589644 0.120500 0.410956
4 0.684333 0.552689 0.104311 0.532244
4 0.574078 0.524044 0.083978 0.491511
4 0.715522 0.416111 0.052522 0.302111
