3 0.714792 0.524325 0.141342 0.359187
1 0.706993 0.182209 0.063304 0.081617
3 0.580697 0.515092 0.120291 0.414649
3 0.841342 0.546756 0.100484 0.399418
3 0.946930 0.537967 0.106139 0.372606
1 0.937721 0.218734 0.061707 0.071470
0 0.832373 0.209954 0.085135 0.100120
0 0.585900 0.148706 0.089079 0.111645
0 0.313814 0.216885 0.086004 0.104750
3 0.318361 0.583503 0.149729 0.422089
4 0.324084 0.579945 0.192393 0.840111
4 0.594355 0.547597 0.165812 0.904806
4 0.717128 0.570702 0.213658 0.858595
4 0.856556 0.573013 0.169932 0.853974
4 0.943678 0.591497 0.112643 0.817006
