1 0.635867 0.389514 0.034687 0.028236
1 0.694125 0.401611 0.030656 0.032583
1 0.490234 0.377014 0.031359 0.031014
1 0.546148 0.376222 0.024875 0.029431
1 0.433211 0.356194 0.031148 0.025083
3 0.501172 0.522389 0.057695 0.159069
3 0.445930 0.475583 0.037836 0.160681
3 0.541344 0.501569 0.048758 0.137264
3 0.625711 0.537069 0.056781 0.180486
3 0.694906 0.572569 0.061234 0.191958
4 0.441688 0.483097 0.048109 0.278903
4 0.497594 0.622708 0.077336 0.526361
4 0.546141 0.573722 0.051664 0.424431
4 0.617117 0.646694 0.086469 0.554514
4 0.703273 0.659208 0.098062 0.519986
