3 0.794000 0.697691 0.412000 0.604619
3 0.900154 0.613533 0.199692 0.616432
3 0.132292 0.411767 0.057700 0.115219
3 0.032446 0.382875 0.038254 0.067286
3 0.082146 0.360739 0.029562 0.057794
3 0.472769 0.337587 0.029277 0.068337
1 0.664215 0.271143 0.150954 0.211686
1 0.903415 0.189065 0.137723 0.188533
1 0.122100 0.324711 0.030992 0.036132
1 0.075538 0.303730 0.014477 0.011697
1 0.029431 0.333464 0.017500 0.024792
4 0.034846 0.421663 0.056954 0.199584
4 0.086300 0.403233 0.040977 0.211409
4 0.129800 0.491513 0.089715 0.365000
4 0.780554 0.577783 0.438900 0.844423
4 0.893908 0.482552 0.212192 0.799792
1 0.469869 0.289261 0.012938 0.018903
4 0.471108 0.335831 0.048685 0.114273
