3 0.552935 0.367914 0.051710 0.174663
3 0.448226 0.489325 0.044419 0.147607
3 0.195677 0.452577 0.040355 0.123129
3 0.722065 0.498160 0.043710 0.152945
3 0.891968 0.424356 0.056613 0.140307
1 0.549194 0.196994 0.042032 0.061902
1 0.454581 0.362025 0.024839 0.036074
1 0.204258 0.318834 0.031774 0.043865
1 0.726581 0.393926 0.025226 0.029939
1 0.879903 0.281104 0.036839 0.048834
4 0.872903 0.479325 0.125742 0.541472
4 0.731871 0.550061 0.077129 0.359264
4 0.541968 0.457117 0.120452 0.645031
4 0.445677 0.538528 0.093226 0.400859
4 0.205677 0.513558 0.094742 0.424908
