3 0.376047 0.469701 0.142193 0.480180
3 0.207442 0.521737 0.125714 0.385988
3 0.096645 0.455689 0.130997 0.352994
3 0.578571 0.492395 0.107309 0.401677
3 0.719136 0.441437 0.152425 0.361677
3 0.889801 0.431677 0.150100 0.486766
0 0.887309 0.033772 0.103821 0.067545
0 0.711329 0.113832 0.092857 0.112156
0 0.601362 0.177006 0.072724 0.134371
0 0.378904 0.102515 0.081462 0.154611
0 0.212126 0.204072 0.077841 0.142994
0 0.102492 0.173114 0.080831 0.122395
4 0.084286 0.555928 0.161229 0.888084
4 0.207774 0.565269 0.211163 0.869521
4 0.367110 0.508443 0.220532 0.983054
4 0.564385 0.548743 0.170565 0.902515
4 0.709635 0.516707 0.195282 0.966527
4 0.910233 0.500000 0.179502 1.000000
