3 0.146950 0.362893 0.097767 0.282327
3 0.662044 0.470566 0.058774 0.208742
3 0.575283 0.459371 0.064623 0.205031
3 0.830220 0.511069 0.078333 0.131447
3 0.949717 0.362642 0.033113 0.100126
3 0.561195 0.155283 0.038774 0.085975
3 0.875063 0.184403 0.025912 0.083711
1 0.135881 0.137799 0.054686 0.102264
0 0.601604 0.315346 0.047390 0.075346
0 0.675220 0.319748 0.036195 0.070252
0 0.779340 0.416226 0.034780 0.048868
0 0.884214 0.108302 0.020063 0.030881
4 0.127862 0.504088 0.181635 0.827987
4 0.581069 0.525723 0.085126 0.488050
4 0.668428 0.552893 0.096918 0.510440
4 0.813396 0.593145 0.118616 0.399245
4 0.944686 0.418050 0.055346 0.304591
4 0.562547 0.164025 0.048082 0.173396
4 0.875535 0.208428 0.048019 0.243082
