3 0.325830 0.417577 0.173591 0.417113
3 0.663822 0.512474 0.140541 0.339845
3 0.125598 0.862216 0.251197 0.275515
3 0.857181 0.182732 0.141197 0.365412
3 0.548880 0.443093 0.089653 0.332320
0 0.333900 0.059639 0.112510 0.108918
0 0.069073 0.397371 0.119923 0.142423
0 0.114363 0.563299 0.175367 0.174433
0 0.571313 0.706495 0.162664 0.165619
0 0.682780 0.129021 0.108263 0.097732
0 0.585367 0.115876 0.120541 0.127732
4 0.687683 0.511598 0.272510 0.862990
4 0.584131 0.809536 0.240927 0.380979
4 0.324595 0.500000 0.307992 1.000000
4 0.136293 0.740412 0.257838 0.519227
