3 0.342467 0.458095 0.121267 0.398095
3 0.628333 0.505298 0.125133 0.287262
3 0.529933 0.806726 0.112300 0.245655
3 0.878767 0.789048 0.122567 0.366310
3 0.202033 0.785833 0.130033 0.113512
0 0.207433 0.616726 0.087967 0.136607
0 0.355467 0.110952 0.108167 0.097917
0 0.586933 0.260119 0.069967 0.088393
0 0.853233 0.521964 0.085333 0.102976
0 0.586133 0.590238 0.075267 0.137024
4 0.554767 0.755000 0.253867 0.470595
4 0.197200 0.699226 0.152567 0.293333
4 0.339367 0.461726 0.149567 0.807679
4 0.584533 0.606964 0.324900 0.786131
4 0.854967 0.724405 0.183033 0.512024
