3 0.891739 0.430592 0.154071 0.476848
3 0.723478 0.425427 0.184045 0.363152
3 0.577839 0.493910 0.132332 0.388081
3 0.361423 0.447180 0.166614 0.436777
3 0.205007 0.532464 0.174783 0.417773
3 0.087879 0.464834 0.117800 0.377322
0 0.100935 0.153910 0.074440 0.082891
0 0.210527 0.179526 0.094783 0.103981
0 0.305863 0.031374 0.093808 0.062725
0 0.375679 0.082607 0.092121 0.142820
0 0.455929 0.130640 0.075336 0.105308
0 0.601436 0.139479 0.090883 0.101422
0 0.704677 0.087559 0.100922 0.122559
0 0.889710 0.065806 0.094914 0.131635
4 0.083096 0.557299 0.156126 0.885403
4 0.210277 0.565924 0.175744 0.868152
4 0.373636 0.510995 0.176680 0.978033
4 0.574124 0.544455 0.160830 0.911114
4 0.709460 0.513152 0.198656 0.973720
4 0.901924 0.501161 0.191199 0.997133
