1 0.269492 0.131056 0.049703 0.062903
1 0.396047 0.170333 0.039414 0.038278
1 0.522930 0.139583 0.049883 0.052181
1 0.697578 0.093833 0.026359 0.029042
1 0.821359 0.116472 0.029563 0.032236
1 0.762500 0.143069 0.028344 0.024806
3 0.823492 0.276361 0.066969 0.183639
3 0.758945 0.276361 0.043023 0.149972
3 0.692227 0.251028 0.065852 0.175069
3 0.519727 0.336208 0.084680 0.172986
3 0.410617 0.358611 0.065898 0.195000
3 0.275359 0.304056 0.084578 0.174514
4 0.281891 0.493778 0.136898 0.779069
4 0.410641 0.514750 0.115555 0.722569
4 0.528937 0.503806 0.110203 0.788181
4 0.689570 0.361181 0.089063 0.557597
4 0.758258 0.359556 0.053375 0.455931
4 0.826828 0.382500 0.086781 0.552847
