1 0.617570 0.567236 0.024867 0.034472
1 0.700148 0.578139 0.018602 0.028528
1 0.727156 0.594417 0.025297 0.021361
1 0.816211 0.563278 0.020367 0.026542
1 0.022305 0.621000 0.017375 0.018972
3 0.027102 0.689611 0.029203 0.084778
3 0.286344 0.664028 0.032063 0.053458
3 0.389688 0.663639 0.019992 0.044736
3 0.619688 0.662431 0.040266 0.113764
3 0.697586 0.672361 0.030883 0.093917
3 0.731172 0.678500 0.024398 0.094306
3 0.818781 0.647958 0.045594 0.088778
4 0.820562 0.712000 0.067016 0.316056
4 0.732844 0.727069 0.047836 0.282722
4 0.698359 0.723500 0.061461 0.315250
4 0.612875 0.714569 0.064594 0.333111
4 0.283000 0.687028 0.053039 0.178806
4 0.385891 0.664819 0.043656 0.118514
4 0.023195 0.729069 0.045945 0.247014
