1 0.083570 0.440097 0.039461 0.038125
1 0.353086 0.437486 0.027430 0.030653
1 0.445906 0.446375 0.023727 0.029708
1 0.546617 0.465764 0.025289 0.026431
1 0.734055 0.481889 0.028047 0.035292
3 0.733469 0.619653 0.066656 0.158139
3 0.549867 0.591125 0.054648 0.122236
3 0.439977 0.565236 0.041438 0.144444
3 0.352867 0.579500 0.057461 0.141264
3 0.081203 0.582806 0.059570 0.145222
4 0.118133 0.681347 0.161656 0.521986
4 0.369508 0.658764 0.101148 0.490014
4 0.431180 0.636181 0.096680 0.421083
4 0.555117 0.673292 0.088930 0.450375
4 0.735750 0.708819 0.112820 0.487069
