4 0.126531 0.582047 0.132625 0.588016
4 0.245016 0.570453 0.120359 0.496078
3 0.133547 0.481063 0.091188 0.148547
0 0.137375 0.330437 0.069922 0.060562
0 0.252812 0.359500 0.060937 0.063344
4 0.342375 0.544641 0.090078 0.481922
3 0.347438 0.456047 0.068969 0.154750
0 0.365422 0.338578 0.054922 0.048922
4 0.430766 0.526594 0.127047 0.408359
3 0.429172 0.438984 0.069922 0.095641
4 0.598719 0.530906 0.109016 0.410719
4 0.917828 0.518266 0.128484 0.529188
3 0.599875 0.455031 0.073828 0.096469
4 0.677875 0.504672 0.054828 0.364500
4 0.727172 0.545984 0.137094 0.440859
3 0.675516 0.447219 0.037625 0.112094
0 0.693312 0.358734 0.029453 0.039875
3 0.728141 0.454828 0.080359 0.102328
3 0.923484 0.412812 0.089781 0.137031
0 0.915641 0.285000 0.061609 0.062359
0 0.441672 0.355984 0.044922 0.045359
0 0.597906 0.360672 0.044875 0.054734
3 0.247734 0.481453 0.082047 0.136813
0 0.722391 0.357750 0.056125 0.054344
