4 0.593047 0.821531 0.103922 0.348234
2 0.589125 0.769297 0.089828 0.112516
2 0.594203 0.682000 0.068719 0.056672
4 0.412969 0.814297 0.118781 0.346250
2 0.402594 0.752656 0.079250 0.085453
0 0.404734 0.689813 0.058531 0.041047
4 0.290156 0.793453 0.079406 0.223328
0 0.286766 0.702656 0.039875 0.039516
2 0.291125 0.769078 0.050078 0.074563
4 0.227984 0.801359 0.059625 0.213203
2 0.227547 0.770922 0.048328 0.075953
0 0.220594 0.708281 0.037891 0.030531
4 0.165094 0.796063 0.072750 0.251234
2 0.160859 0.754953 0.053828 0.092641
0 0.151609 0.688812 0.038828 0.029812
4 0.115656 0.794156 0.046781 0.184922
2 0.114250 0.768953 0.040484 0.061594
0 0.118687 0.717406 0.028547 0.024469
0 0.047328 0.692422 0.028172 0.043953
4 0.068312 0.814500 0.065344 0.274656
0 0.073109 0.692344 0.038078 0.033375
2 0.066172 0.780344 0.051969 0.122578
