4 0.155938 0.595219 0.310734 0.728141
0 0.106750 0.482859 0.196734 0.370609
2 0.194844 0.754297 0.171297 0.356078
2 0.466031 0.615625 0.204359 0.449781
4 0.445031 0.479453 0.232656 0.863781
0 0.445000 0.233297 0.177922 0.301172
4 0.702828 0.795422 0.082766 0.403984
2 0.706813 0.811359 0.062719 0.177891
2 0.772125 0.754641 0.074594 0.126937
4 0.776625 0.793500 0.071078 0.410906
0 0.760328 0.616500 0.055266 0.068078
0 0.718734 0.632734 0.055313 0.073125
4 0.909219 0.784641 0.123766 0.430703
2 0.913687 0.781250 0.076469 0.161406
0 0.909781 0.615516 0.062375 0.082547
