4 0.316734 0.673500 0.136125 0.321469
2 0.285687 0.602625 0.058422 0.120313
0 0.285578 0.528203 0.039453 0.027734
4 0.595516 0.676438 0.071813 0.321094
2 0.591797 0.608672 0.073766 0.113688
1 0.585531 0.533297 0.042469 0.028531
4 0.744500 0.650875 0.069797 0.276203
2 0.744594 0.600359 0.066859 0.100156
0 0.727875 0.535844 0.042781 0.039891
4 0.632562 0.658188 0.055281 0.253344
4 0.925859 0.665469 0.082516 0.411625
2 0.928203 0.596672 0.077828 0.145922
0 0.914500 0.483719 0.050422 0.048125
4 0.879125 0.647828 0.060906 0.257609
2 0.874516 0.614125 0.045437 0.080844
0 0.872563 0.541031 0.038406 0.037750
4 0.462656 0.410406 0.060750 0.123406
3 0.463516 0.423578 0.041984 0.073391
1 0.451594 0.368281 0.029859 0.033109
0 0.451844 0.604281 0.036219 0.048063
