4 0.152609 0.660937 0.266797 0.614547
2 0.126578 0.637219 0.214734 0.310844
1 0.096984 0.416359 0.093063 0.094141
4 0.453453 0.634344 0.130984 0.623844
3 0.462641 0.531094 0.118109 0.204844
4 0.582109 0.689328 0.125797 0.621328
2 0.570375 0.607078 0.127328 0.294313
1 0.455375 0.373656 0.054703 0.090375
4 0.900234 0.625266 0.199547 0.749453
2 0.904937 0.556281 0.165219 0.373953
4 0.768234 0.572016 0.104297 0.474172
0 0.766969 0.357766 0.079500 0.035563
3 0.770937 0.485375 0.090938 0.163406
4 0.678844 0.570906 0.094250 0.453234
2 0.663375 0.488500 0.075844 0.157156
1 0.670016 0.376125 0.051609 0.063672
4 0.580797 0.413219 0.110234 0.149969
1 0.579406 0.362016 0.041063 0.039766
