0 0.118219 0.164875 0.190891 0.181547
0 0.287172 0.301250 0.077938 0.101609
0 0.471969 0.328016 0.064250 0.084922
0 0.612000 0.295578 0.059156 0.074750
0 0.708672 0.320594 0.068906 0.093516
0 0.880531 0.277813 0.178234 0.254078
0 0.194062 0.514172 0.082656 0.109594
2 0.700469 0.578250 0.154062 0.300266
2 0.451078 0.572781 0.174797 0.336203
3 0.594375 0.530891 0.087734 0.236734
2 0.293203 0.561469 0.151391 0.280922
2 0.120281 0.633703 0.205219 0.536141
2 0.854578 0.740437 0.276016 0.519141
4 0.121703 0.528391 0.229984 0.943203
4 0.296312 0.510734 0.120078 0.497047
4 0.195719 0.584172 0.065500 0.279750
4 0.451312 0.633078 0.151703 0.733828
4 0.596172 0.623703 0.104203 0.740359
4 0.873453 0.570578 0.253094 0.858828
4 0.700047 0.632781 0.162187 0.734438
