4 0.101141 0.663531 0.188875 0.669719
4 0.571656 0.756516 0.311125 0.486953
0 0.617703 0.601891 0.153250 0.183953
2 0.616391 0.886203 0.238094 0.227578
4 0.787609 0.762766 0.136797 0.474453
0 0.788594 0.602469 0.151266 0.166344
2 0.785859 0.848859 0.145797 0.271625
4 0.915859 0.701828 0.168297 0.596328
2 0.911172 0.757141 0.108922 0.306937
0 0.900047 0.480953 0.136656 0.129562
0 0.648578 0.464719 0.102469 0.134594
4 0.724437 0.437516 0.104203 0.117687
0 0.078672 0.486313 0.117719 0.133047
2 0.086234 0.673687 0.146750 0.227781
4 0.716281 0.473531 0.089375 0.186047
4 0.274797 0.182266 0.042141 0.058359
4 0.982891 0.171187 0.030687 0.083375
2 0.985187 0.161016 0.021094 0.028922
0 0.985281 0.141437 0.018438 0.018188
