4 0.115234 0.561969 0.144234 0.872844
4 0.206672 0.522609 0.087422 0.825375
4 0.251437 0.330000 0.058203 0.458906
4 0.327516 0.534531 0.097859 0.817984
4 0.386563 0.490859 0.078438 0.768141
4 0.425250 0.182688 0.055844 0.226781
4 0.470937 0.556031 0.128672 0.785969
4 0.509125 0.288625 0.036078 0.338641
4 0.563219 0.512969 0.099500 0.762344
4 0.619031 0.510984 0.068391 0.733391
4 0.682875 0.527609 0.097672 0.716609
2 0.124281 0.408781 0.110625 0.260219
2 0.204687 0.364625 0.095953 0.240641
2 0.327281 0.390062 0.092844 0.261984
2 0.394469 0.338859 0.068078 0.195359
2 0.679109 0.406078 0.113563 0.223578
2 0.558047 0.368078 0.102672 0.216344
2 0.470828 0.422641 0.090750 0.242531
2 0.426047 0.246953 0.058547 0.093469
0 0.119938 0.175313 0.063406 0.071922
0 0.202531 0.148141 0.056844 0.071625
0 0.260656 0.152047 0.055906 0.063813
0 0.326859 0.165250 0.054828 0.078516
0 0.389625 0.149875 0.056031 0.064703
0 0.433094 0.111359 0.057016 0.065141
0 0.467234 0.189016 0.054969 0.068734
0 0.517938 0.158078 0.039203 0.065453
0 0.553594 0.173125 0.051234 0.079937
0 0.621203 0.190750 0.048453 0.069844
0 0.675750 0.214109 0.050141 0.064266
