4 0.230938 0.580469 0.104688 0.303609
4 0.341406 0.587484 0.119406 0.267641
4 0.467906 0.563219 0.091125 0.250344
4 0.619469 0.563641 0.144250 0.282422
4 0.802125 0.570094 0.228344 0.532859
2 0.813219 0.482547 0.113000 0.170266
0 0.808500 0.339844 0.078578 0.066109
0 0.568766 0.467000 0.042859 0.064172
0 0.443047 0.464078 0.042188 0.059062
0 0.203719 0.466437 0.044016 0.081781
2 0.339438 0.551750 0.090453 0.108672
2 0.486188 0.521234 0.066031 0.103875
2 0.637031 0.518875 0.098156 0.114078
2 0.242750 0.511656 0.077906 0.128484
0 0.363281 0.495531 0.043500 0.048328
