2 0.134109 0.542969 0.257812 0.648438
1 0.160156 0.059891 0.117188 0.104172
0 0.298172 0.187500 0.132812 0.125000
0 0.477859 0.295578 0.138016 0.184891
0 0.626297 0.147141 0.158859 0.091141
0 0.915359 0.279953 0.059891 0.054688
0 0.962234 0.260422 0.075516 0.062500
2 0.450516 0.734375 0.208328 0.531250
2 0.678391 0.670578 0.221359 0.658844
2 0.937500 0.739578 0.125000 0.520828
0 0.138797 0.842547 0.155703 0.262437
4 0.941703 0.606516 0.116578 0.786953
4 0.832969 0.629156 0.222469 0.738469
4 0.705781 0.515891 0.316891 0.968203
4 0.151797 0.507062 0.303578 0.985875
4 0.303094 0.551828 0.130266 0.896328
4 0.437031 0.575266 0.214344 0.849453
