4 0.261313 0.669063 0.290797 0.444203
4 0.696391 0.429906 0.110594 0.396234
4 0.523547 0.531516 0.127422 0.386937
4 0.544063 0.298875 0.080937 0.202906
4 0.119797 0.539125 0.073844 0.146656
4 0.806188 0.455859 0.170531 0.541875
4 0.399562 0.452813 0.079453 0.410797
4 0.432594 0.364687 0.051750 0.290766
4 0.292828 0.355609 0.128484 0.210141
2 0.817000 0.329172 0.088609 0.169750
2 0.709078 0.369641 0.085234 0.138187
2 0.538375 0.327734 0.075844 0.079359
2 0.526469 0.385578 0.096000 0.082594
3 0.396359 0.394484 0.063922 0.143391
3 0.265875 0.365375 0.074594 0.119297
2 0.127188 0.548203 0.059688 0.082828
2 0.279188 0.506125 0.151203 0.139547
0 0.278859 0.286641 0.041375 0.060359
0 0.525453 0.240906 0.041500 0.069594
0 0.429078 0.247063 0.034516 0.037656
