4 0.852922 0.593484 0.176078 0.623250
3 0.847250 0.482172 0.143578 0.182000
0 0.851531 0.321672 0.102141 0.086000
4 0.694562 0.632250 0.169453 0.688406
3 0.697297 0.510750 0.174922 0.201656
0 0.716219 0.344766 0.087766 0.094688
4 0.621766 0.465891 0.073875 0.368188
0 0.642484 0.300516 0.065312 0.062453
3 0.626844 0.389578 0.052766 0.109312
4 0.548063 0.518969 0.122625 0.443094
0 0.545906 0.328109 0.072141 0.067625
3 0.541406 0.433016 0.075656 0.121188
4 0.436625 0.463719 0.109828 0.345094
3 0.427422 0.415219 0.078922 0.129344
0 0.422125 0.316375 0.056609 0.058188
4 0.347297 0.486250 0.096906 0.396953
3 0.344750 0.413703 0.082797 0.089375
0 0.344547 0.317812 0.044875 0.050719
4 0.296969 0.446000 0.062781 0.332063
3 0.291891 0.399531 0.063562 0.098516
0 0.310078 0.297016 0.039672 0.028391
4 0.173500 0.357984 0.059719 0.118531
0 0.188766 0.317844 0.035437 0.039859
4 0.233734 0.544547 0.151391 0.513547
3 0.208484 0.433125 0.097750 0.143828
0 0.225859 0.312141 0.057516 0.045609
3 0.173547 0.370250 0.049766 0.055578
4 0.057437 0.621766 0.114859 0.605484
3 0.040203 0.499062 0.080406 0.178812
4 0.096937 0.518516 0.090281 0.411484
3 0.092922 0.442563 0.079125 0.118969
0 0.084109 0.337641 0.058375 0.043500
0 0.029937 0.350484 0.059859 0.075422
