4 0.075359 0.542812 0.150344 0.666516
2 0.069172 0.441953 0.138344 0.258547
0 0.037297 0.251703 0.074234 0.084281
4 0.311234 0.546063 0.159609 0.641750
2 0.299187 0.432891 0.116750 0.227922
0 0.300984 0.267172 0.076609 0.077719
4 0.508656 0.538469 0.154469 0.620328
2 0.502656 0.440750 0.129953 0.206125
0 0.498375 0.267203 0.077625 0.071547
4 0.701406 0.548828 0.158688 0.691047
2 0.707766 0.431375 0.127688 0.224875
0 0.700406 0.234938 0.075438 0.050750
4 0.906453 0.490906 0.187078 0.825203
2 0.923531 0.327797 0.152938 0.255219
0 0.892781 0.131203 0.102297 0.105781
