4 0.280141 0.734500 0.092281 0.421859
3 0.283906 0.656719 0.076953 0.145234
0 0.287000 0.539234 0.038625 0.038953
4 0.352312 0.740828 0.072953 0.415203
3 0.354156 0.659734 0.061437 0.123937
0 0.351609 0.554688 0.035016 0.043188
4 0.425594 0.739781 0.078719 0.436359
3 0.422672 0.665406 0.072859 0.143078
0 0.425719 0.545969 0.050422 0.037187
4 0.495109 0.751500 0.095953 0.412922
3 0.496875 0.669453 0.072875 0.112125
1 0.491344 0.560406 0.037156 0.031766
4 0.572141 0.762234 0.086391 0.391437
3 0.570094 0.698344 0.067062 0.119125
0 0.571297 0.586453 0.044703 0.034344
4 0.638594 0.743594 0.078500 0.443984
3 0.635625 0.668391 0.064922 0.129516
1 0.631109 0.544016 0.035437 0.033281
4 0.710016 0.745547 0.091922 0.440078
3 0.705078 0.665406 0.074438 0.143078
0 0.704266 0.549828 0.048953 0.037281
