4 0.220094 0.528859 0.152953 0.619297
2 0.221203 0.439797 0.118734 0.217219
0 0.231859 0.260688 0.057875 0.073297
4 0.370812 0.530656 0.157516 0.629406
0 0.379406 0.259547 0.080953 0.075578
2 0.382031 0.436359 0.112234 0.210359
4 0.520391 0.529203 0.159797 0.646031
2 0.522813 0.430844 0.122984 0.230563
0 0.519844 0.249766 0.064969 0.074297
4 0.705000 0.535891 0.169656 0.664625
2 0.695844 0.414375 0.114891 0.213250
0 0.686047 0.247641 0.079672 0.083750
4 0.869078 0.537516 0.174906 0.652234
2 0.868406 0.446172 0.121453 0.245594
0 0.860391 0.256109 0.068969 0.082437
