2 0.527344 0.683594 0.320312 0.622391
0 0.182297 0.242188 0.062500 0.046875
1 0.497391 0.136719 0.182297 0.127609
0 0.669266 0.265625 0.088547 0.052078
1 0.841141 0.251297 0.052078 0.028641
1 0.360672 0.247391 0.059891 0.036453
2 0.182297 0.424484 0.125000 0.197922
3 0.359375 0.395828 0.098953 0.177078
3 0.678391 0.389328 0.111984 0.127609
3 0.841141 0.403641 0.088547 0.166672
4 0.171125 0.521094 0.147578 0.647344
4 0.853109 0.528906 0.142813 0.631719
4 0.681438 0.338234 0.124453 0.250391
4 0.347078 0.446406 0.124500 0.472984
4 0.494172 0.523703 0.581172 0.952578
