0 0.278641 0.178391 0.052078 0.039062
0 0.316406 0.188797 0.049484 0.044266
0 0.432297 0.210938 0.041672 0.041672
0 0.510156 0.196875 0.039062 0.037500
0 0.757031 0.206250 0.035937 0.040625
0 0.866406 0.175781 0.026562 0.039062
0 0.952344 0.213281 0.039062 0.039062
0 0.528125 0.267188 0.065625 0.078125
0 0.207813 0.326562 0.065625 0.093750
2 0.152219 0.452156 0.138828 0.206219
2 0.276562 0.271875 0.046875 0.112500
2 0.323437 0.268750 0.056250 0.103125
2 0.424219 0.302344 0.070312 0.145313
2 0.539844 0.406250 0.114062 0.178125
2 0.494531 0.285938 0.045312 0.115625
2 0.746094 0.284375 0.057813 0.106250
2 0.852344 0.243750 0.060937 0.087500
2 0.954688 0.274219 0.050000 0.082812
4 0.130578 0.573844 0.231562 0.677156
4 0.271766 0.280766 0.061375 0.250125
4 0.324562 0.305641 0.054453 0.293625
4 0.418063 0.336813 0.081187 0.312234
4 0.499750 0.321297 0.054828 0.306203
4 0.536188 0.497234 0.139531 0.545563
4 0.732656 0.314672 0.104891 0.274203
4 0.847594 0.277641 0.077141 0.256375
4 0.950641 0.293641 0.062859 0.213375
