4 0.110125 0.575266 0.220250 0.849453
0 0.126141 0.232109 0.138875 0.144391
3 0.095469 0.597391 0.183781 0.412437
4 0.270453 0.634641 0.146234 0.730703
3 0.274156 0.583750 0.122375 0.247672
0 0.287234 0.322047 0.079781 0.074266
4 0.455109 0.547141 0.303047 0.905703
4 0.648016 0.615891 0.163875 0.768203
3 0.404031 0.537984 0.213391 0.487375
3 0.666188 0.599422 0.143969 0.260250
0 0.469156 0.191172 0.125125 0.168750
0 0.649000 0.303687 0.139547 0.124953
4 0.785469 0.608078 0.157516 0.783828
0 0.760500 0.272031 0.104922 0.094547
3 0.792297 0.575406 0.127422 0.324719
4 0.892422 0.544016 0.215172 0.911953
3 0.925234 0.535547 0.149547 0.382500
3 0.952172 0.159531 0.095641 0.130453
