4 0.216656 0.604594 0.094875 0.370594
3 0.229547 0.529969 0.056641 0.084328
0 0.213344 0.461422 0.032391 0.041641
4 0.113016 0.699172 0.093875 0.247266
3 0.119266 0.684203 0.081375 0.123578
0 0.098531 0.598656 0.046125 0.058734
4 0.070203 0.622125 0.108250 0.280672
0 0.086516 0.521625 0.039422 0.049016
3 0.063938 0.592219 0.076953 0.077109
4 0.331031 0.542781 0.079875 0.384484
3 0.328297 0.485422 0.063422 0.124937
0 0.339047 0.385969 0.041922 0.050281
4 0.462953 0.795203 0.135672 0.214328
3 0.439609 0.760250 0.070984 0.080469
0 0.491406 0.732844 0.034156 0.071969
4 0.754750 0.735578 0.114828 0.251297
0 0.767484 0.655953 0.044344 0.064875
4 0.861719 0.736141 0.147516 0.233703
3 0.740250 0.722734 0.060828 0.103563
0 0.818312 0.660531 0.039297 0.061656
3 0.878844 0.695891 0.081766 0.094734
4 0.588547 0.590562 0.107422 0.442547
3 0.592469 0.513203 0.055766 0.135625
0 0.592031 0.404203 0.045656 0.063578
4 0.664359 0.509594 0.102594 0.346625
3 0.684312 0.438844 0.057313 0.092812
0 0.676922 0.372047 0.048594 0.059797
4 0.587125 0.392281 0.072094 0.135438
0 0.600313 0.360187 0.045703 0.055594
4 0.621828 0.430000 0.071203 0.351500
0 0.611172 0.279641 0.039156 0.044906
3 0.631469 0.376984 0.055328 0.128297
4 0.493641 0.375109 0.084359 0.214375
2 0.488609 0.299906 0.043031 0.050281
0 0.524656 0.294750 0.026250 0.033125
4 0.416281 0.376328 0.078078 0.373078
3 0.412594 0.306422 0.051187 0.108250
0 0.404766 0.214547 0.031125 0.034813
4 0.361516 0.338547 0.050594 0.215469
0 0.367625 0.257344 0.029578 0.040344
3 0.359313 0.339781 0.034453 0.092953
0 0.012094 0.144297 0.024188 0.031406
