4 0.688578 0.786297 0.122672 0.427391
2 0.670438 0.698063 0.074687 0.137641
0 0.660047 0.599562 0.057797 0.050016
4 0.716641 0.709625 0.078203 0.371703
4 0.428719 0.745688 0.071703 0.357875
2 0.431531 0.686797 0.069516 0.119016
0 0.447953 0.594719 0.033953 0.039484
4 0.361984 0.763500 0.082547 0.473000
2 0.363437 0.681266 0.072563 0.159031
0 0.374531 0.553047 0.050078 0.058828
4 0.276094 0.732797 0.146250 0.524594
2 0.270906 0.706922 0.110750 0.246563
0 0.312609 0.511797 0.076078 0.082016
4 0.118188 0.676438 0.236359 0.637312
0 0.176750 0.405453 0.123812 0.091547
2 0.128219 0.653344 0.169109 0.330391
