4 0.837734 0.519016 0.255797 0.961953
2 0.834578 0.339828 0.218250 0.291078
4 0.549937 0.529953 0.305219 0.940078
2 0.506078 0.376078 0.173719 0.344797
0 0.499578 0.120203 0.104500 0.126812
4 0.620828 0.525344 0.157953 0.830859
2 0.617875 0.389109 0.103578 0.258375
0 0.584828 0.149781 0.087469 0.064031
4 0.185875 0.524969 0.320844 0.842594
2 0.177812 0.383078 0.210938 0.308828
0 0.127500 0.157156 0.097812 0.113234
4 0.163312 0.176219 0.163203 0.201328
0 0.195938 0.134828 0.103438 0.081078
0 0.819266 0.087703 0.106375 0.093047
