4 0.124422 0.618406 0.191656 0.754484
2 0.137297 0.586219 0.154922 0.396359
1 0.154484 0.282719 0.120547 0.070609
4 0.256969 0.648703 0.156750 0.702578
2 0.268281 0.601625 0.123156 0.327156
1 0.289781 0.320875 0.091125 0.065641
4 0.420641 0.623703 0.196609 0.752578
2 0.427469 0.605016 0.166516 0.402688
1 0.443672 0.283109 0.117672 0.058875
4 0.547859 0.647141 0.134016 0.705703
2 0.560781 0.571484 0.108156 0.310625
2 0.676547 0.605016 0.139688 0.402688
1 0.562641 0.323313 0.081891 0.054469
1 0.671141 0.294156 0.096125 0.056516
4 0.677562 0.629953 0.197953 0.740078
4 0.872109 0.553391 0.255797 0.893203
2 0.892422 0.431828 0.215172 0.337547
1 0.875672 0.152906 0.099594 0.070281
