4 0.398547 0.696391 0.202422 0.607234
3 0.400281 0.608750 0.149641 0.197672
1 0.369156 0.436516 0.074875 0.103203
4 0.260094 0.624516 0.150500 0.566688
3 0.239734 0.567297 0.103531 0.214750
1 0.229469 0.378266 0.073250 0.082063
4 0.252031 0.208016 0.050344 0.130187
3 0.252141 0.212234 0.046687 0.056594
1 0.251766 0.165625 0.030297 0.029781
4 0.585891 0.263984 0.054016 0.093688
4 0.638062 0.268641 0.049000 0.118641
4 0.436734 0.281406 0.047828 0.119406
4 0.483922 0.251359 0.046703 0.135703
3 0.586047 0.285438 0.050062 0.049438
3 0.641344 0.284797 0.046062 0.069000
1 0.586547 0.230375 0.039219 0.029437
1 0.632172 0.223094 0.045203 0.030109
4 0.434953 0.209469 0.056906 0.064187
4 0.585172 0.113172 0.027469 0.055609
4 0.611141 0.112203 0.027312 0.060594
4 0.634703 0.124906 0.025844 0.044344
4 0.658172 0.124031 0.027625 0.046078
