4 0.227859 0.698797 0.157719 0.602406
4 0.410250 0.697141 0.157094 0.605703
4 0.570547 0.614469 0.077672 0.350859
4 0.725016 0.646469 0.103047 0.385609
4 0.658062 0.535641 0.053531 0.204797
4 0.462234 0.523469 0.086031 0.214609
4 0.340516 0.609891 0.076125 0.387437
4 0.187609 0.489063 0.088188 0.239531
2 0.238187 0.602625 0.095656 0.201750
2 0.330344 0.538750 0.056578 0.120938
2 0.402688 0.602938 0.101797 0.207703
2 0.569172 0.564094 0.074922 0.133359
2 0.714656 0.591109 0.090891 0.156141
2 0.662375 0.503016 0.051172 0.079937
2 0.472516 0.574125 0.049641 0.184641
2 0.195953 0.489672 0.052797 0.049000
0 0.203469 0.416437 0.037703 0.043203
0 0.245578 0.432594 0.058969 0.067156
0 0.330734 0.438531 0.031156 0.033328
0 0.397688 0.427484 0.047969 0.049938
0 0.450094 0.449781 0.033578 0.032797
0 0.565641 0.464453 0.035406 0.036375
0 0.711313 0.481000 0.040016 0.044453
0 0.667219 0.455344 0.024094 0.027156
