4 0.289469 0.381797 0.053000 0.168750
0 0.278906 0.316094 0.032125 0.029313
3 0.281875 0.367313 0.036312 0.064203
0 0.507125 0.349484 0.026594 0.029484
0 0.428906 0.202344 0.026766 0.029125
0 0.575125 0.364297 0.033437 0.035578
0 0.654188 0.347531 0.027109 0.033406
0 0.930719 0.599187 0.032094 0.039000
4 0.661203 0.410234 0.044969 0.174313
4 0.498016 0.396594 0.047547 0.158484
3 0.503812 0.390359 0.042672 0.061203
4 0.573641 0.424547 0.043938 0.165281
4 0.429234 0.267906 0.058703 0.168953
4 0.928937 0.669516 0.053656 0.173078
3 0.930203 0.647906 0.047234 0.067359
3 0.534531 0.436094 0.028203 0.099078
3 0.563719 0.409672 0.028547 0.077484
3 0.657422 0.382672 0.032953 0.041344
