0 0.642578 0.863281 0.027344 0.039062
0 0.730469 0.917969 0.023438 0.039062
0 0.799813 0.875000 0.025391 0.042969
0 0.835938 0.888672 0.023438 0.031250
3 0.634766 0.908203 0.027344 0.062500
3 0.707031 0.928719 0.035156 0.044922
3 0.835938 0.932625 0.042969 0.064453
2 0.796875 0.926766 0.042969 0.064453
2 0.984375 0.935547 0.027344 0.070312
4 0.632906 0.915281 0.046125 0.160734
4 0.709750 0.940891 0.062328 0.118203
4 0.979922 0.929734 0.040172 0.120859
4 0.846609 0.934344 0.054172 0.131312
4 0.791578 0.918516 0.046781 0.153219
