4 0.823813 0.586203 0.190453 0.827578
3 0.832797 0.527469 0.183438 0.316344
0 0.822609 0.241875 0.138047 0.111078
4 0.589172 0.647141 0.177422 0.705703
3 0.579578 0.579828 0.158250 0.233578
0 0.557063 0.358875 0.088203 0.114594
4 0.428047 0.640891 0.148922 0.718203
3 0.424891 0.519734 0.111375 0.194641
0 0.426250 0.329937 0.070312 0.078703
4 0.269656 0.622297 0.125891 0.724750
0 0.249297 0.306469 0.078922 0.075641
3 0.254578 0.513687 0.095750 0.201266
4 0.165281 0.608078 0.192141 0.783828
3 0.157828 0.606953 0.152234 0.387828
0 0.153188 0.273781 0.107047 0.103531
