4 0.737734 0.567453 0.524547 0.865078
4 0.392203 0.585047 0.316516 0.387750
4 0.244844 0.572016 0.170031 0.249203
4 0.302656 0.511859 0.054406 0.122625
4 0.265109 0.502062 0.030844 0.109281
4 0.138047 0.543375 0.087672 0.141891
4 0.069203 0.534375 0.049984 0.148906
4 0.031844 0.494594 0.031516 0.069344
1 0.619062 0.236547 0.244062 0.171734
1 0.401891 0.439875 0.122141 0.090078
1 0.298891 0.468875 0.053141 0.038328
3 0.768906 0.682250 0.450594 0.517078
3 0.443125 0.660609 0.177187 0.220141
3 0.302859 0.536859 0.048531 0.072625
3 0.257547 0.603812 0.139156 0.125266
3 0.149109 0.556828 0.071469 0.087547
3 0.080547 0.528250 0.060172 0.067891
4 0.508547 0.508312 0.053672 0.096781
1 0.208937 0.494484 0.070547 0.062109
1 0.067594 0.485344 0.034500 0.043812
1 0.520234 0.479047 0.035453 0.036734
