4 0.826844 0.562594 0.159172 0.712313
3 0.840500 0.437422 0.125609 0.243234
4 0.649047 0.492484 0.071500 0.322109
3 0.652766 0.432141 0.048922 0.101406
0 0.657453 0.356875 0.039547 0.044641
4 0.303453 0.495969 0.096406 0.454250
3 0.313156 0.426141 0.069875 0.142734
0 0.319453 0.296187 0.051219 0.051547
4 0.395609 0.484484 0.078531 0.440641
3 0.402000 0.409187 0.074313 0.140063
0 0.401234 0.287672 0.042906 0.046719
4 0.465797 0.484703 0.075156 0.403609
3 0.467391 0.417781 0.052891 0.122875
0 0.468313 0.306937 0.042703 0.042562
4 0.530609 0.484125 0.067297 0.374297
3 0.538422 0.420094 0.051672 0.124375
0 0.541594 0.319250 0.039250 0.036703
4 0.582313 0.489781 0.057422 0.332500
3 0.583953 0.433312 0.045859 0.107062
0 0.591000 0.340813 0.028703 0.031062
0 0.840781 0.250641 0.081125 0.076109
