4 0.190891 0.445406 0.302500 0.733203
0 0.154016 0.125578 0.075922 0.086156
2 0.124578 0.322000 0.154234 0.267641
4 0.258969 0.422828 0.118359 0.531781
2 0.259344 0.340344 0.115297 0.180047
0 0.263516 0.190344 0.075687 0.058156
4 0.385094 0.384687 0.112766 0.525844
2 0.394859 0.305078 0.093234 0.171313
0 0.405281 0.163453 0.057781 0.072875
4 0.477000 0.394969 0.148172 0.546391
2 0.469641 0.306078 0.094375 0.196734
0 0.459125 0.174547 0.081156 0.089906
4 0.670578 0.378859 0.144687 0.592297
3 0.664203 0.291406 0.116312 0.198656
1 0.671953 0.122969 0.083953 0.067469
4 0.863078 0.269266 0.087125 0.219906
0 0.869609 0.194328 0.063641 0.054937
4 0.893984 0.416828 0.120531 0.765031
2 0.901797 0.288813 0.104906 0.217328
0 0.920687 0.080125 0.085391 0.059422
