0 0.158859 0.334641 0.057297 0.044266
0 0.252609 0.398438 0.052078 0.052078
0 0.347656 0.411453 0.059891 0.052078
0 0.437500 0.410156 0.052078 0.059891
0 0.522141 0.430984 0.059891 0.044266
0 0.592453 0.402344 0.054688 0.049484
0 0.680984 0.411453 0.054688 0.046875
0 0.752609 0.389328 0.062500 0.044266
0 0.854172 0.365891 0.057297 0.054688
2 0.143234 0.503906 0.093750 0.216141
2 0.244797 0.562500 0.093750 0.192703
2 0.335938 0.571609 0.088547 0.200516
2 0.437500 0.589844 0.083328 0.257812
2 0.514328 0.600266 0.080734 0.205734
2 0.598953 0.574219 0.083328 0.221359
2 0.684891 0.569016 0.067703 0.184891
2 0.766922 0.549484 0.096359 0.208328
2 0.864578 0.519531 0.088547 0.216141
4 0.133766 0.615969 0.129109 0.649609
4 0.247156 0.641734 0.099641 0.576141
4 0.335141 0.646813 0.088109 0.555031
4 0.427234 0.641891 0.084781 0.526453
4 0.515016 0.649891 0.079109 0.504953
4 0.599297 0.630953 0.091422 0.548328
4 0.685906 0.647000 0.077141 0.549156
4 0.764313 0.635266 0.090219 0.550687
4 0.871297 0.622375 0.122906 0.587422
