4 0.398016 0.740969 0.123859 0.518078
3 0.407109 0.682984 0.087141 0.181203
0 0.425359 0.519406 0.069172 0.069750
4 0.518766 0.708406 0.130984 0.583187
3 0.520141 0.630516 0.118109 0.193016
0 0.515328 0.450781 0.066828 0.062281
4 0.603797 0.716219 0.097937 0.567562
3 0.597234 0.636688 0.076672 0.180047
0 0.587453 0.468000 0.064687 0.065891
4 0.688672 0.735234 0.107328 0.519406
0 0.664391 0.506641 0.068078 0.054641
3 0.678484 0.656359 0.075422 0.171797
4 0.769672 0.751781 0.112016 0.491531
3 0.763219 0.676875 0.088625 0.181578
0 0.746687 0.529828 0.060797 0.048922
