4 0.152250 0.582297 0.188844 0.821156
3 0.157328 0.577625 0.157250 0.325750
0 0.167563 0.240250 0.123047 0.130234
4 0.327422 0.564797 0.145891 0.870406
3 0.332047 0.507453 0.116078 0.294781
0 0.330578 0.196266 0.105313 0.124469
4 0.464781 0.555031 0.165781 0.889937
3 0.481875 0.452422 0.111031 0.247219
0 0.487734 0.176219 0.099312 0.125500
4 0.622437 0.568703 0.165594 0.862594
3 0.623156 0.490313 0.143594 0.260516
0 0.613125 0.195781 0.115719 0.109813
4 0.791344 0.541359 0.190891 0.917281
3 0.789625 0.453141 0.187469 0.225219
0 0.782984 0.142969 0.111688 0.113844
4 0.902000 0.371547 0.099734 0.319875
0 0.901016 0.259813 0.074313 0.100828
3 0.899062 0.419594 0.078219 0.134703
