4 0.160641 0.520406 0.314672 0.959187
3 0.168828 0.561453 0.231453 0.397547
0 0.149141 0.143672 0.185438 0.163016
4 0.329703 0.598531 0.165297 0.802937
3 0.328422 0.520391 0.125234 0.302906
0 0.285516 0.268359 0.083187 0.113656
4 0.530891 0.550094 0.292672 0.899813
3 0.528219 0.496719 0.231063 0.386813
0 0.522844 0.157203 0.107828 0.104719
4 0.735938 0.452969 0.172219 0.474313
0 0.762063 0.269844 0.080000 0.104422
3 0.758938 0.528312 0.151234 0.268750
4 0.809469 0.559469 0.381062 0.881062
3 0.885812 0.613672 0.216234 0.439469
0 0.861563 0.200297 0.191531 0.160438
