4 0.148484 0.561547 0.296984 0.840766
4 0.685813 0.504953 0.614453 0.990078
1 0.092422 0.224047 0.184828 0.146734
3 0.157875 0.595406 0.239828 0.383484
3 0.696859 0.629547 0.455312 0.501750
3 0.318937 0.497359 0.136953 0.343641
1 0.264437 0.206484 0.115797 0.100625
4 0.298625 0.438703 0.177578 0.620078
4 0.454437 0.371531 0.145453 0.304484
1 0.447859 0.281406 0.098969 0.113297
3 0.454437 0.416781 0.145453 0.126219
4 0.520500 0.435406 0.266172 0.407219
1 0.589000 0.300953 0.129156 0.130438
4 0.927609 0.407625 0.141797 0.407906
3 0.929562 0.459297 0.126953 0.211266
1 0.937641 0.244047 0.119406 0.087984
1 0.743437 0.103109 0.207813 0.201125
