0 0.439609 0.371531 0.422969 0.389484
0 0.139422 0.635125 0.112781 0.108641
0 0.828203 0.687797 0.052844 0.071141
0 0.751203 0.680438 0.046156 0.043016
0 0.719062 0.713922 0.035453 0.029609
0 0.281562 0.715531 0.045828 0.055578
0 0.199359 0.727781 0.041656 0.056047
0 0.255375 0.711203 0.027078 0.027687
0 0.228688 0.713000 0.026609 0.043312
0 0.631781 0.708437 0.039516 0.038984
0 0.578906 0.715766 0.037391 0.051250
0 0.877547 0.693891 0.029031 0.031547
0 0.928031 0.689688 0.033453 0.030344
0 0.980422 0.691375 0.032484 0.038516
1 0.672641 0.694141 0.025094 0.017609
3 0.133016 0.888937 0.219875 0.222109
3 0.592000 0.822125 0.063328 0.127016
3 0.714469 0.788844 0.060656 0.110922
3 0.670719 0.768531 0.050094 0.101562
3 0.631781 0.778156 0.049125 0.082328
3 0.825625 0.803266 0.059437 0.139766
3 0.926703 0.779953 0.057250 0.107563
3 0.284687 0.781641 0.047266 0.077281
3 0.211500 0.835828 0.076359 0.140000
3 0.983297 0.782719 0.033406 0.115500
3 0.763141 0.813125 0.059453 0.135438
4 0.415313 0.581516 0.448437 0.836953
4 0.111891 0.784641 0.172859 0.430703
4 0.973672 0.757828 0.052672 0.195813
4 0.930297 0.763312 0.059688 0.206781
4 0.878094 0.748219 0.049016 0.176609
4 0.820234 0.751000 0.077047 0.225922
4 0.745141 0.747266 0.051844 0.205953
4 0.718734 0.822453 0.055313 0.275062
4 0.673766 0.809156 0.046609 0.279719
4 0.629969 0.790328 0.046516 0.229578
4 0.578750 0.788766 0.050313 0.232703
4 0.286438 0.809719 0.059453 0.262109
4 0.237156 0.779734 0.048391 0.195891
4 0.200781 0.789719 0.044406 0.203359
