0 0.837516 0.451266 0.096875 0.096875
0 0.032813 0.389062 0.065625 0.171875
0 0.129688 0.387500 0.084375 0.150000
0 0.201563 0.451562 0.084375 0.103125
0 0.312500 0.404687 0.081250 0.140625
0 0.468750 0.407813 0.050000 0.096875
0 0.532813 0.428125 0.040625 0.100000
0 0.584375 0.454688 0.050000 0.078125
0 0.664062 0.409375 0.046875 0.087500
0 0.707812 0.440625 0.065625 0.100000
3 0.037500 0.701562 0.075000 0.378125
3 0.125000 0.612500 0.100000 0.268750
3 0.315625 0.564063 0.112500 0.196875
3 0.457813 0.554688 0.090625 0.190625
3 0.521875 0.543750 0.062500 0.150000
3 0.593750 0.562500 0.056250 0.143750
3 0.654687 0.560937 0.040625 0.153125
3 0.707812 0.578125 0.065625 0.162500
3 0.850000 0.653125 0.093750 0.212500
4 0.034766 0.636172 0.069531 0.702500
4 0.127297 0.644172 0.103688 0.681000
4 0.198844 0.691844 0.086656 0.607609
4 0.307781 0.656250 0.120891 0.623922
4 0.466141 0.629781 0.100125 0.539703
4 0.531438 0.621703 0.068203 0.473562
4 0.590688 0.649703 0.086703 0.510828
4 0.845859 0.704531 0.097047 0.576734
4 0.703688 0.679312 0.096375 0.588781
4 0.650109 0.622719 0.055547 0.531859
