4 0.714875 0.650922 0.128828 0.563250
0 0.703984 0.411922 0.057781 0.053641
2 0.715359 0.557031 0.098547 0.175469
4 0.624516 0.635500 0.079344 0.363656
0 0.631672 0.483734 0.050078 0.046109
2 0.624453 0.580031 0.060469 0.102734
4 0.575625 0.599641 0.056563 0.298203
0 0.590422 0.476125 0.038828 0.036359
2 0.580203 0.546594 0.044891 0.085453
4 0.512406 0.615031 0.068109 0.345141
0 0.499000 0.461500 0.031906 0.034953
2 0.503547 0.564047 0.053484 0.123547
4 0.456891 0.649109 0.086000 0.397688
0 0.455500 0.475000 0.044922 0.046344
2 0.459906 0.581453 0.066234 0.129094
4 0.368422 0.665047 0.095766 0.370172
0 0.362297 0.501953 0.049141 0.043984
2 0.363781 0.605875 0.070859 0.123719
4 0.384156 0.609969 0.060328 0.316281
0 0.378719 0.471438 0.038234 0.039188
2 0.391797 0.556937 0.018734 0.093891
4 0.216000 0.656203 0.125281 0.399375
0 0.219125 0.490266 0.045703 0.037891
2 0.220203 0.613922 0.064812 0.142234
