0 0.797141 0.333281 0.116937 0.115016
0 0.627422 0.351453 0.093922 0.084937
0 0.528016 0.369031 0.086516 0.096656
0 0.367484 0.372547 0.085750 0.095875
0 0.728594 0.411813 0.100937 0.108000
0 0.220625 0.329969 0.088906 0.096641
0 0.122594 0.379188 0.114969 0.116969
2 0.354203 0.634906 0.168563 0.327625
2 0.526469 0.626703 0.135344 0.319031
2 0.636609 0.632953 0.133797 0.362781
2 0.823125 0.676906 0.163125 0.415547
3 0.144844 0.629828 0.171719 0.294031
3 0.225109 0.620266 0.148672 0.372547
4 0.819875 0.636203 0.170938 0.727578
4 0.690188 0.598641 0.192812 0.471203
4 0.628641 0.553063 0.131375 0.517547
4 0.516406 0.540500 0.125656 0.454906
4 0.349219 0.545031 0.153109 0.495219
4 0.124000 0.649656 0.159594 0.691984
3 0.740844 0.632406 0.083266 0.241469
