4 0.220766 0.573141 0.206391 0.853719
0 0.225656 0.188156 0.091125 0.088141
2 0.226297 0.473625 0.186203 0.373422
4 0.378141 0.604391 0.156547 0.791219
0 0.376797 0.251063 0.086156 0.076906
2 0.377797 0.498016 0.129828 0.297219
4 0.502781 0.603094 0.140203 0.793813
0 0.493297 0.248625 0.095219 0.076578
2 0.499219 0.480063 0.122141 0.269937
4 0.626609 0.599203 0.148578 0.786875
0 0.614031 0.251219 0.086672 0.081797
3 0.618938 0.445500 0.122531 0.228641
4 0.769359 0.605859 0.173375 0.757688
2 0.750109 0.483172 0.129672 0.253312
0 0.739344 0.269641 0.087281 0.086641
