4 0.267031 0.706516 0.373094 0.586953
3 0.220641 0.837766 0.240359 0.324453
1 0.233750 0.544047 0.225125 0.255750
4 0.504203 0.756516 0.319969 0.486953
1 0.571391 0.664000 0.185594 0.295672
3 0.493813 0.925266 0.280453 0.149453
4 0.775359 0.597422 0.243531 0.456266
3 0.739516 0.665531 0.134344 0.248719
1 0.721000 0.413672 0.102672 0.092516
4 0.904922 0.568625 0.190172 0.398656
3 0.903375 0.635203 0.168344 0.238063
1 0.915469 0.422047 0.111266 0.099234
4 0.279109 0.379484 0.238531 0.689125
1 0.298000 0.102969 0.107578 0.117359
3 0.254625 0.336906 0.183344 0.291469
