4 0.850234 0.628391 0.230797 0.743203
4 0.628641 0.651828 0.131375 0.696328
4 0.418328 0.790281 0.267000 0.410734
4 0.430563 0.462922 0.116469 0.324750
4 0.539578 0.629078 0.101562 0.628875
0 0.792875 0.326203 0.109828 0.126312
0 0.318125 0.655672 0.072813 0.147750
0 0.423500 0.333781 0.064828 0.072734
0 0.526750 0.343766 0.077578 0.080203
0 0.606125 0.347891 0.088719 0.088438
3 0.832563 0.602609 0.101703 0.341641
3 0.629984 0.558719 0.090312 0.253844
3 0.542391 0.538375 0.090125 0.250656
3 0.436625 0.517219 0.109828 0.227109
3 0.449969 0.714000 0.192766 0.195672
