4 0.196188 0.615719 0.170484 0.768563
2 0.198984 0.531281 0.127375 0.287203
0 0.231234 0.300859 0.106625 0.129891
4 0.328594 0.578219 0.161281 0.843562
2 0.334687 0.421797 0.124750 0.274484
0 0.359125 0.217375 0.088375 0.103125
4 0.430109 0.588547 0.139016 0.757969
0 0.413641 0.257375 0.064422 0.085609
2 0.427187 0.456016 0.120984 0.230422
4 0.524859 0.633469 0.200641 0.729078
2 0.521484 0.529953 0.157375 0.253281
0 0.519844 0.311297 0.095578 0.071516
4 0.647844 0.564953 0.142172 0.829531
2 0.644719 0.400312 0.135922 0.256500
0 0.629406 0.201859 0.083469 0.090391
4 0.731656 0.579625 0.224547 0.840750
2 0.757297 0.449547 0.135766 0.279969
0 0.734047 0.211203 0.117750 0.102969
