4 0.254984 0.682406 0.123422 0.475703
2 0.253156 0.622062 0.099469 0.173125
4 0.174828 0.616937 0.122516 0.498828
2 0.170047 0.513437 0.101250 0.116031
0 0.170516 0.392203 0.059219 0.053266
4 0.289797 0.442312 0.067297 0.169109
0 0.278984 0.386266 0.048094 0.044562
4 0.323766 0.360250 0.061016 0.137781
0 0.315937 0.311922 0.049266 0.033078
4 0.366187 0.639031 0.102906 0.437531
2 0.353719 0.586219 0.093578 0.152219
0 0.345016 0.443438 0.052750 0.050266
4 0.394641 0.433188 0.069969 0.225078
0 0.381688 0.345000 0.047938 0.044797
2 0.392937 0.460375 0.066547 0.119281
4 0.462000 0.597109 0.103109 0.463063
2 0.457344 0.522172 0.078172 0.184281
0 0.445109 0.386953 0.061531 0.046656
4 0.469203 0.377531 0.078438 0.195797
0 0.468328 0.307531 0.049359 0.037984
2 0.467250 0.394203 0.082344 0.104141
4 0.562688 0.567594 0.093563 0.415766
2 0.563172 0.506000 0.078891 0.148047
0 0.568891 0.378016 0.043469 0.040516
4 0.533578 0.380328 0.083281 0.166203
0 0.546172 0.319578 0.040969 0.040797
2 0.535781 0.400922 0.051453 0.094141
4 0.659734 0.575344 0.111859 0.458594
2 0.652766 0.516687 0.101813 0.212391
4 0.619859 0.392078 0.061437 0.197547
2 0.618031 0.402875 0.047969 0.090234
0 0.625469 0.317000 0.043344 0.035656
1 0.660672 0.366156 0.055156 0.040219
4 0.749172 0.539141 0.083703 0.448688
2 0.742453 0.476797 0.093703 0.175578
0 0.750484 0.339266 0.043375 0.052859
4 0.699547 0.327969 0.066484 0.147453
2 0.702469 0.351891 0.060625 0.085906
0 0.710406 0.277625 0.041328 0.038953
4 0.844266 0.554281 0.133281 0.432109
2 0.832391 0.499172 0.078266 0.161719
0 0.853156 0.356859 0.057281 0.045078
4 0.667781 0.243641 0.088891 0.185812
2 0.669234 0.232656 0.072281 0.074016
0 0.667516 0.176156 0.041484 0.043016
4 0.786188 0.338500 0.067891 0.160688
2 0.798641 0.362891 0.049828 0.084469
0 0.788625 0.281922 0.049328 0.047531
