1 0.564734 0.566969 0.026781 0.022328
1 0.448656 0.547984 0.035719 0.033484
1 0.684156 0.493297 0.029016 0.026781
0 0.314734 0.553578 0.026781 0.031250
1 0.515625 0.635047 0.026781 0.033484
2 0.565969 0.616313 0.062500 0.065969
2 0.440109 0.593750 0.039938 0.059031
2 0.310766 0.601562 0.034719 0.064234
2 0.684031 0.529516 0.045141 0.041672
2 0.526047 0.616313 0.034719 0.031250
4 0.310688 0.628906 0.076703 0.206734
4 0.442656 0.622656 0.059406 0.219234
4 0.679250 0.547297 0.057578 0.156000
4 0.566437 0.648266 0.069453 0.195453
4 0.514609 0.658797 0.047047 0.141500
