4 0.201437 0.657047 0.158203 0.644266
4 0.320281 0.672453 0.095891 0.575063
4 0.420984 0.679953 0.097281 0.640078
4 0.502688 0.651375 0.098297 0.639156
4 0.822797 0.688688 0.132187 0.570031
4 0.718375 0.677562 0.110844 0.597781
4 0.632734 0.719938 0.095797 0.507531
4 0.591266 0.663844 0.069109 0.570344
3 0.223094 0.565922 0.076516 0.212000
3 0.329844 0.586469 0.071281 0.209328
3 0.423125 0.560625 0.076563 0.195172
3 0.525984 0.559484 0.101031 0.230375
3 0.641922 0.620844 0.082906 0.140578
3 0.594969 0.546906 0.045266 0.167734
3 0.704484 0.566500 0.089297 0.194406
3 0.816531 0.620344 0.100891 0.245828
1 0.224828 0.371641 0.054359 0.043906
1 0.346047 0.417969 0.041125 0.048516
1 0.427109 0.386750 0.058359 0.048594
1 0.529406 0.365875 0.055563 0.057937
1 0.606641 0.407219 0.048094 0.052562
1 0.815938 0.429172 0.040547 0.051031
1 0.699422 0.398391 0.051844 0.037781
1 0.634547 0.483328 0.047078 0.040016
