4 0.127156 0.521281 0.227281 0.654703
2 0.142891 0.505297 0.197938 0.247719
0 0.161922 0.288125 0.147687 0.182141
4 0.362672 0.507859 0.312484 0.827859
2 0.302641 0.449391 0.176344 0.304656
0 0.280547 0.180750 0.135750 0.170109
4 0.504016 0.560984 0.157672 0.721609
2 0.519609 0.468328 0.104891 0.236297
0 0.478094 0.263750 0.112078 0.116625
4 0.668719 0.508625 0.269172 0.704391
0 0.724812 0.232953 0.119500 0.128203
2 0.688547 0.447141 0.180953 0.217703
4 0.758328 0.723531 0.416281 0.552937
2 0.850313 0.831953 0.226219 0.326031
0 0.763141 0.538812 0.150906 0.179000
