4 0.157187 0.442766 0.060359 0.090703
0 0.172453 0.421781 0.021484 0.030453
3 0.155078 0.439500 0.031875 0.034641
4 0.253828 0.366734 0.038391 0.100922
0 0.250125 0.327766 0.027531 0.026453
3 0.250672 0.360484 0.035563 0.043297
4 0.291094 0.364031 0.040000 0.109391
0 0.287500 0.323641 0.025875 0.028609
3 0.289781 0.358859 0.030437 0.043500
4 0.222234 0.733141 0.062000 0.139297
0 0.230797 0.679906 0.023578 0.029344
3 0.211891 0.712313 0.030922 0.055969
4 0.345422 0.824859 0.065312 0.114391
0 0.345719 0.783594 0.031203 0.035344
3 0.335516 0.807734 0.045531 0.041938
0 0.311828 0.583187 0.025922 0.033813
0 0.404063 0.725781 0.033297 0.041234
