4 0.193219 0.690719 0.188906 0.618563
3 0.183484 0.691906 0.132906 0.264688
1 0.185359 0.419266 0.070375 0.061844
4 0.317656 0.668844 0.122438 0.662312
3 0.311453 0.634891 0.108719 0.250672
1 0.314969 0.371359 0.060828 0.051406
4 0.397906 0.653219 0.123313 0.693562
3 0.399578 0.608406 0.144937 0.291453
1 0.405906 0.342047 0.067703 0.053750
4 0.506109 0.735031 0.163141 0.525953
3 0.505859 0.716859 0.126125 0.220859
1 0.490719 0.497906 0.068578 0.054547
4 0.574922 0.634469 0.161984 0.731062
2 0.562922 0.540813 0.124531 0.249844
0 0.550734 0.325250 0.088594 0.081109
4 0.738453 0.634469 0.151562 0.731062
2 0.735703 0.556250 0.135203 0.243375
0 0.738984 0.315984 0.071359 0.080891
4 0.877078 0.642844 0.178781 0.710328
2 0.857531 0.608375 0.135297 0.297625
0 0.855641 0.340766 0.082812 0.093844
