4 0.689656 0.677906 0.140891 0.317234
4 0.571531 0.668125 0.092141 0.303906
4 0.481969 0.713734 0.063000 0.327906
0 0.646531 0.543609 0.057859 0.045125
2 0.663172 0.615000 0.054813 0.074906
2 0.565203 0.620031 0.051516 0.091641
0 0.569078 0.539328 0.032469 0.028109
0 0.481516 0.570953 0.053187 0.038250
2 0.472922 0.660453 0.054062 0.107828
4 0.448953 0.688828 0.044312 0.277109
0 0.453141 0.568219 0.027703 0.032750
2 0.444641 0.638109 0.041953 0.085031
4 0.497922 0.577750 0.042266 0.098719
0 0.491734 0.548109 0.035750 0.023062
2 0.512484 0.612313 0.025516 0.086594
4 0.393344 0.701500 0.070594 0.336813
2 0.401531 0.638859 0.052734 0.105297
0 0.410609 0.552156 0.036062 0.035031
4 0.260766 0.674172 0.061703 0.300922
4 0.313844 0.682500 0.070641 0.314453
0 0.272562 0.538469 0.033578 0.026406
0 0.331984 0.541391 0.034375 0.032203
2 0.265984 0.614625 0.043016 0.088094
2 0.317391 0.621219 0.049656 0.095437
