4 0.602016 0.589594 0.053094 0.203078
3 0.597953 0.554734 0.032203 0.060234
0 0.601312 0.506016 0.028516 0.035734
4 0.658359 0.597547 0.045359 0.191016
3 0.656281 0.568219 0.034281 0.069844
0 0.653141 0.516563 0.031453 0.035984
4 0.689531 0.519828 0.034781 0.184891
3 0.688000 0.500828 0.031750 0.070500
0 0.686906 0.451672 0.027844 0.034687
4 0.745250 0.525906 0.042078 0.172734
3 0.742750 0.505719 0.044031 0.069859
0 0.747422 0.451984 0.025578 0.024906
4 0.746984 0.436391 0.038609 0.080500
3 0.748938 0.446563 0.028625 0.041844
0 0.744922 0.413625 0.027531 0.031516
