4 0.618188 0.650906 0.116688 0.629109
4 0.527547 0.630375 0.108875 0.565922
4 0.453625 0.601391 0.081328 0.514188
4 0.364266 0.583781 0.090125 0.516469
4 0.260062 0.622156 0.106703 0.549469
4 0.182422 0.612969 0.070172 0.562344
4 0.297125 0.494172 0.044156 0.262250
0 0.177859 0.372625 0.057719 0.043344
2 0.188016 0.538297 0.056125 0.163000
2 0.268062 0.531672 0.085219 0.187250
2 0.362031 0.506297 0.073609 0.169422
2 0.459141 0.500094 0.075766 0.155328
2 0.532109 0.521469 0.088766 0.179344
2 0.609844 0.529531 0.081281 0.207969
0 0.268000 0.376312 0.046172 0.067203
0 0.293812 0.383172 0.032047 0.053484
0 0.367062 0.363812 0.046172 0.056578
0 0.454578 0.367812 0.052000 0.059547
0 0.522641 0.384922 0.060203 0.069219
0 0.597969 0.364953 0.057531 0.054297
