4 0.066609 0.369375 0.126031 0.281391
4 0.315953 0.428875 0.224734 0.562922
4 0.341359 0.200969 0.206797 0.338359
4 0.635109 0.497828 0.331797 0.995641
4 0.903359 0.501828 0.193297 0.996328
4 0.428172 0.460313 0.169594 0.700781
3 0.067969 0.447906 0.128781 0.157234
3 0.317109 0.497328 0.189547 0.299812
3 0.669531 0.675547 0.350641 0.524984
3 0.913594 0.783844 0.147516 0.429094
3 0.441656 0.597547 0.176125 0.362750
3 0.384609 0.264297 0.087953 0.216250
1 0.048891 0.267906 0.090641 0.102766
1 0.306578 0.205875 0.112766 0.126844
1 0.599969 0.131234 0.288484 0.257375
1 0.908047 0.175937 0.183922 0.344531
1 0.302469 0.101797 0.120984 0.116234
