4 0.184531 0.635078 0.275047 0.719781
3 0.205609 0.594422 0.195406 0.307234
0 0.242141 0.337781 0.122328 0.112297
4 0.398500 0.665719 0.215859 0.668562
2 0.401187 0.613250 0.154234 0.257391
0 0.405625 0.380844 0.110891 0.088672
4 0.594281 0.681344 0.205547 0.637312
3 0.578547 0.624078 0.155781 0.254031
1 0.580063 0.406953 0.084750 0.067719
4 0.740516 0.693844 0.163094 0.612313
3 0.729453 0.605938 0.122703 0.192766
4 0.886172 0.656344 0.203219 0.687312
2 0.874594 0.556281 0.151172 0.237203
0 0.865375 0.349906 0.080391 0.075563
1 0.733750 0.423625 0.074375 0.066156
