4 0.732484 0.630375 0.170313 0.565922
3 0.732656 0.548516 0.120641 0.208422
4 0.565672 0.643078 0.131281 0.535062
3 0.576813 0.554906 0.108969 0.146234
1 0.588531 0.408516 0.063625 0.065938
1 0.740453 0.377188 0.061219 0.040797
4 0.323984 0.610984 0.088484 0.533391
3 0.320859 0.538531 0.078297 0.200969
1 0.323188 0.378875 0.051703 0.055844
4 0.255766 0.611828 0.104359 0.597562
3 0.245000 0.513297 0.076563 0.213000
0 0.259469 0.343859 0.080500 0.057141
4 0.440156 0.659266 0.135656 0.486203
3 0.432516 0.575641 0.101609 0.137703
0 0.411766 0.457906 0.066375 0.060281
