4 0.278109 0.719578 0.100703 0.485734
2 0.290391 0.640859 0.093969 0.164875
0 0.291250 0.503062 0.056547 0.052703
4 0.376812 0.694391 0.101188 0.504063
2 0.374859 0.602594 0.097266 0.155313
0 0.382656 0.473594 0.050359 0.044656
4 0.463812 0.718922 0.087688 0.423672
2 0.463250 0.654125 0.073156 0.142281
0 0.475609 0.537406 0.049438 0.050953
4 0.556297 0.696313 0.129797 0.445422
2 0.543281 0.603000 0.081437 0.111453
0 0.545922 0.499437 0.064406 0.037625
4 0.654188 0.693344 0.112359 0.431922
2 0.648906 0.613328 0.099141 0.152828
0 0.651656 0.510641 0.052547 0.056813
