4 0.656109 0.662547 0.043703 0.194859
3 0.653594 0.641484 0.029141 0.072375
0 0.652609 0.584438 0.023297 0.029703
4 0.588375 0.568203 0.042156 0.175812
3 0.585578 0.541000 0.032094 0.049969
0 0.590734 0.496953 0.033500 0.036141
4 0.536281 0.471234 0.040641 0.173828
3 0.535297 0.447797 0.038687 0.060000
0 0.533484 0.400812 0.030578 0.028547
4 0.631109 0.477109 0.042812 0.185578
3 0.629563 0.446953 0.026328 0.053844
0 0.634734 0.404734 0.027734 0.036375
4 0.839766 0.443000 0.040469 0.175406
3 0.841156 0.420687 0.029859 0.059344
0 0.844750 0.374719 0.025781 0.030078
