4 0.191047 0.637125 0.144250 0.636391
2 0.191219 0.568547 0.119562 0.249234
0 0.186812 0.366984 0.085750 0.091406
4 0.264641 0.664672 0.080312 0.571313
0 0.264797 0.414984 0.044984 0.064797
4 0.316500 0.675375 0.097609 0.557547
2 0.318547 0.619656 0.078281 0.211734
0 0.328344 0.434312 0.054891 0.073000
0 0.404563 0.407141 0.043266 0.045312
4 0.439516 0.625563 0.152234 0.657156
2 0.437422 0.550922 0.117578 0.253953
0 0.447687 0.345672 0.065797 0.086219
4 0.556344 0.657813 0.120266 0.588844
2 0.549109 0.598266 0.101219 0.239266
0 0.549016 0.408328 0.062641 0.082000
4 0.709281 0.649937 0.168328 0.616047
2 0.704828 0.586547 0.112547 0.262703
0 0.705219 0.376391 0.062266 0.063844
4 0.841687 0.679344 0.112828 0.538156
2 0.845094 0.636109 0.114719 0.201672
0 0.847766 0.450734 0.066406 0.075328
