4 0.155281 0.651234 0.140891 0.463875
3 0.155859 0.574313 0.123297 0.178781
1 0.162281 0.445672 0.061125 0.046500
4 0.255953 0.660031 0.120406 0.462734
3 0.267297 0.571344 0.108672 0.135344
1 0.262781 0.454281 0.068391 0.051219
4 0.382469 0.649703 0.114016 0.510828
3 0.381094 0.549844 0.111281 0.167344
1 0.384203 0.416328 0.061234 0.050313
4 0.459109 0.644187 0.092281 0.456031
3 0.459687 0.558234 0.074687 0.134125
1 0.461625 0.449969 0.059828 0.048859
4 0.536719 0.625016 0.085031 0.461438
3 0.534172 0.545922 0.073672 0.153250
1 0.533578 0.419828 0.047469 0.032328
4 0.594000 0.669641 0.085547 0.481938
1 0.594969 0.448344 0.045266 0.035656
3 0.596750 0.571750 0.080078 0.167422
4 0.680641 0.683703 0.104109 0.453813
3 0.673984 0.598547 0.084547 0.152250
1 0.671812 0.481875 0.061469 0.056391
4 0.762375 0.630953 0.105078 0.548328
3 0.758641 0.548516 0.085125 0.208422
1 0.748062 0.389844 0.051469 0.033891
4 0.878141 0.669297 0.136609 0.537484
3 0.867953 0.571375 0.091219 0.179156
1 0.867547 0.432750 0.059156 0.039406
