4 0.920047 0.335625 0.104953 0.519281
2 0.911547 0.250719 0.067125 0.172406
0 0.893297 0.109453 0.067094 0.061734
4 0.813500 0.365922 0.126219 0.486125
2 0.811031 0.304859 0.090047 0.192156
0 0.801078 0.152156 0.059719 0.058625
4 0.662937 0.330125 0.116766 0.388516
2 0.660953 0.273203 0.065922 0.154875
0 0.658000 0.162250 0.044406 0.047563
4 0.067281 0.262641 0.031234 0.234344
0 0.065016 0.160828 0.026875 0.036250
4 0.087625 0.261094 0.035859 0.229906
0 0.089469 0.167359 0.029125 0.042438
4 0.129047 0.305344 0.083969 0.391344
2 0.126859 0.253406 0.076141 0.141625
0 0.130812 0.136297 0.044422 0.050906
4 0.343891 0.291250 0.062281 0.300656
4 0.186688 0.232656 0.032594 0.155688
2 0.189297 0.208125 0.027391 0.061484
0 0.188531 0.163000 0.025875 0.026781
0 0.209484 0.170234 0.019062 0.021234
4 0.226891 0.259328 0.043547 0.209031
4 0.220594 0.226187 0.037891 0.080234
0 0.225109 0.168063 0.025969 0.029078
2 0.221453 0.226297 0.036156 0.076984
4 0.259141 0.225672 0.024719 0.120891
0 0.263031 0.173500 0.019594 0.021656
4 0.289031 0.256937 0.053250 0.207719
2 0.284469 0.226953 0.044109 0.081766
0 0.286703 0.166328 0.024313 0.025594
0 0.337672 0.163734 0.034891 0.038719
2 0.344969 0.246219 0.054016 0.113344
4 0.376141 0.220516 0.043438 0.180000
0 0.369594 0.152078 0.028703 0.036734
0 0.429703 0.165328 0.042906 0.044953
4 0.474250 0.493375 0.253828 0.960656
2 0.466172 0.355531 0.143922 0.347469
0 0.475234 0.068953 0.087953 0.094422
