4 0.161016 0.520031 0.215828 0.608437
3 0.179078 0.466922 0.148453 0.214734
0 0.155719 0.276203 0.113906 0.114531
4 0.375422 0.553328 0.250469 0.712547
3 0.367125 0.453203 0.134844 0.187297
0 0.353266 0.254375 0.099922 0.097875
4 0.531422 0.449422 0.212469 0.548469
0 0.470484 0.217172 0.096859 0.072266
3 0.499656 0.397719 0.119797 0.176328
4 0.676203 0.436875 0.239547 0.579641
3 0.638391 0.365375 0.126406 0.167875
0 0.609219 0.192562 0.105578 0.084000
4 0.844500 0.395766 0.207391 0.491172
3 0.821906 0.377562 0.124703 0.192250
0 0.809375 0.199141 0.081609 0.079641
