4 0.888937 0.611203 0.208203 0.777578
3 0.885984 0.538219 0.164781 0.300344
0 0.918984 0.290391 0.093297 0.120313
4 0.118984 0.656516 0.237953 0.686953
3 0.132422 0.684969 0.186078 0.325078
0 0.100516 0.385094 0.118875 0.112172
4 0.410859 0.653391 0.183297 0.693203
3 0.410453 0.632531 0.151234 0.320219
0 0.419703 0.378031 0.086516 0.120016
4 0.558859 0.659641 0.166797 0.680703
3 0.566672 0.640766 0.151172 0.336672
0 0.552953 0.385281 0.079969 0.118031
4 0.649172 0.636203 0.128672 0.727578
0 0.621578 0.324453 0.079734 0.089672
3 0.643484 0.563828 0.079781 0.276562
