4 0.801297 0.397906 0.120406 0.257234
2 0.798937 0.413469 0.103203 0.138344
0 0.791484 0.310969 0.063297 0.079156
4 0.898281 0.588625 0.184016 0.457406
2 0.921609 0.529719 0.120219 0.202109
4 0.918016 0.407094 0.122625 0.244344
0 0.864531 0.401078 0.071859 0.069828
0 0.900984 0.328578 0.063531 0.081437
2 0.933453 0.428328 0.097234 0.130562
4 0.450313 0.588281 0.104406 0.512969
0 0.457125 0.373953 0.063344 0.084422
2 0.456562 0.500156 0.080937 0.167969
4 0.524797 0.629391 0.092422 0.551453
2 0.526750 0.558500 0.077578 0.215891
0 0.514219 0.397234 0.058781 0.081609
