4 0.377062 0.748958 0.135523 0.502083
4 0.104281 0.492069 0.081648 0.485764
3 0.105547 0.441458 0.049289 0.157278
1 0.114492 0.302736 0.032523 0.057028
1 0.402695 0.533375 0.049273 0.070903
0 0.270250 0.327306 0.049992 0.075444
1 0.234141 0.333931 0.027500 0.053347
4 0.954289 0.704472 0.081914 0.269167
1 0.983672 0.588764 0.016055 0.035472
3 0.971742 0.650778 0.037070 0.070875
4 0.913227 0.631403 0.074555 0.176069
3 0.395492 0.694944 0.095820 0.181917
2 0.229641 0.456611 0.058211 0.144667
2 0.274609 0.486347 0.073383 0.191514
4 0.208461 0.504181 0.090617 0.403944
4 0.273273 0.508806 0.083164 0.461153
3 0.916672 0.592931 0.023234 0.053667
1 0.929547 0.557583 0.013977 0.024375
