4 0.966656 0.672708 0.066687 0.209181
3 0.975734 0.627792 0.023398 0.058819
1 0.992078 0.580958 0.008156 0.021139
4 0.324898 0.809653 0.134789 0.380694
4 0.103734 0.504069 0.082977 0.457028
4 0.361641 0.534722 0.100367 0.400278
4 0.485445 0.636389 0.139867 0.516792
2 0.516891 0.563917 0.069164 0.177417
3 0.339672 0.875875 0.105242 0.238833
2 0.369242 0.459431 0.053914 0.135111
3 0.099742 0.411097 0.045758 0.149542
1 0.126953 0.310486 0.029867 0.062917
1 0.351586 0.675125 0.053344 0.101208
1 0.379797 0.359694 0.027742 0.046750
0 0.518914 0.419417 0.050117 0.068958
