4 0.952250 0.639264 0.071492 0.168375
3 0.959266 0.607736 0.031563 0.053236
1 0.978688 0.573306 0.013797 0.019361
4 0.455398 0.561958 0.122305 0.468639
4 0.325680 0.809653 0.144945 0.380694
3 0.338656 0.861167 0.109227 0.212875
4 0.344438 0.516722 0.097664 0.412889
4 0.102945 0.502514 0.086516 0.450444
3 0.101758 0.408722 0.046898 0.130903
2 0.360281 0.438597 0.059086 0.135111
1 0.374414 0.331972 0.030828 0.046847
0 0.482289 0.363944 0.043602 0.062806
2 0.481391 0.500319 0.064930 0.157861
1 0.126219 0.311222 0.031367 0.060917
1 0.354477 0.673250 0.057750 0.099847
