4 0.944000 0.622264 0.070406 0.179528
3 0.953250 0.590736 0.032383 0.064389
1 0.968758 0.545944 0.018289 0.026778
4 0.321437 0.782319 0.125422 0.395958
1 0.353297 0.669931 0.059648 0.090764
3 0.310531 0.837722 0.079328 0.120667
4 0.103391 0.502056 0.088070 0.452097
3 0.100328 0.410417 0.061391 0.138278
1 0.128219 0.311069 0.028766 0.070153
4 0.445594 0.659028 0.088039 0.474403
2 0.452008 0.563236 0.065922 0.168903
1 0.471305 0.447042 0.035250 0.050417
4 0.491461 0.572194 0.111937 0.450708
2 0.512461 0.493903 0.051180 0.135792
0 0.523172 0.381250 0.034289 0.057722
