4 0.922125 0.577778 0.059250 0.172944
4 0.101703 0.493569 0.078281 0.478681
3 0.104125 0.402819 0.050719 0.150722
1 0.113336 0.280861 0.033039 0.052806
4 0.463477 0.702861 0.155211 0.574014
2 0.472836 0.582028 0.067875 0.155583
2 0.314875 0.592931 0.068469 0.182500
4 0.320344 0.809569 0.136734 0.380875
3 0.328453 0.870000 0.110578 0.244153
0 0.482445 0.456986 0.062453 0.082264
1 0.332914 0.452236 0.047484 0.065194
1 0.346438 0.672694 0.061820 0.107139
3 0.929148 0.538194 0.027852 0.046111
1 0.937594 0.502708 0.009852 0.014764
