4 0.430469 0.775472 0.165078 0.449056
3 0.451656 0.760139 0.112750 0.193639
1 0.465555 0.584500 0.061344 0.062042
2 0.267414 0.474431 0.060781 0.180292
0 0.269977 0.327556 0.053719 0.070889
4 0.101000 0.486778 0.066906 0.487833
3 0.102344 0.442500 0.057125 0.164403
1 0.115289 0.292083 0.034117 0.053083
4 0.203352 0.514361 0.122172 0.409042
2 0.224914 0.457028 0.070492 0.153069
1 0.236898 0.339556 0.040125 0.046903
4 0.916969 0.605778 0.060023 0.125708
3 0.914477 0.596500 0.029344 0.043736
1 0.918281 0.559722 0.016391 0.028903
4 0.955578 0.714236 0.088844 0.251125
3 0.978586 0.670278 0.030000 0.088056
