4 0.088906 0.489958 0.097008 0.466986
3 0.103141 0.401639 0.050961 0.141042
1 0.117883 0.288111 0.035164 0.052875
4 0.304906 0.806417 0.151336 0.387167
3 0.311406 0.875875 0.105234 0.238833
4 0.427656 0.671611 0.116781 0.469181
1 0.313711 0.670514 0.067437 0.105875
2 0.430555 0.591833 0.066055 0.167278
1 0.458922 0.469847 0.040578 0.059333
4 0.493719 0.571958 0.148711 0.440028
2 0.520016 0.503889 0.058180 0.142153
0 0.543375 0.381806 0.034586 0.052778
4 0.946750 0.614694 0.062711 0.164278
3 0.954430 0.586153 0.026633 0.053625
1 0.971961 0.543861 0.010312 0.015306
