4 0.964508 0.650681 0.062602 0.191222
1 0.988500 0.575806 0.012727 0.024514
3 0.978305 0.614361 0.031102 0.049125
4 0.472367 0.587083 0.144539 0.473750
2 0.503992 0.517417 0.079336 0.160792
4 0.330063 0.809653 0.132273 0.380694
3 0.332914 0.877361 0.114852 0.245278
4 0.356156 0.518139 0.087883 0.407194
2 0.362180 0.441889 0.057766 0.138222
0 0.513594 0.384639 0.045336 0.065389
4 0.102758 0.503792 0.081023 0.453000
3 0.104273 0.410278 0.050656 0.137486
1 0.126805 0.314514 0.027609 0.064014
1 0.349781 0.664528 0.059516 0.090431
1 0.380648 0.339597 0.033047 0.045542
